node, distance_to, predecessor
0, 0, 0
1, 55, 0
2, 4294967295, 1631620992
3, 4294967295, 32533
4, 4294967295, 2964005392
5, 4294967295, 21901
6, 4294967295, 2964005392
7, 4294967295, 21901
8, 4294967295, 0
9, 4294967295, 0
10, 4294967295, 0
11, 4294967295, 0
12, 4294967295, 0
13, 4294967295, 0
14, 4294967295, 0
15, 4294967295, 0
16, 4294967295, 0
17, 4294967295, 0
18, 4294967295, 0
19, 4294967295, 0
20, 4294967295, 0
21, 4294967295, 0
22, 4294967295, 0
23, 4294967295, 0
24, 4294967295, 0
25, 4294967295, 0
26, 4294967295, 0
27, 4294967295, 0
28, 4294967295, 0
29, 4294967295, 0
30, 4294967295, 0
31, 4294967295, 0
32, 4294967295, 0
33, 4294967295, 0
34, 4294967295, 0
35, 4294967295, 0
36, 4294967295, 0
37, 4294967295, 0
38, 4294967295, 0
39, 4294967295, 0
40, 4294967295, 0
41, 4294967295, 0
42, 4294967295, 0
43, 4294967295, 0
44, 4294967295, 0
45, 4294967295, 0
46, 4294967295, 0
47, 4294967295, 0
48, 4294967295, 0
49, 4294967295, 0
50, 4294967295, 0
51, 4294967295, 0
52, 4294967295, 0
53, 4294967295, 0
54, 4294967295, 0
55, 4294967295, 0
56, 4294967295, 0
57, 4294967295, 0
58, 4294967295, 0
59, 4294967295, 0
60, 4294967295, 0
61, 4294967295, 0
62, 4294967295, 0
63, 4294967295, 0
64, 4294967295, 0
65, 4294967295, 0
66, 4294967295, 0
67, 4294967295, 0
68, 4294967295, 0
69, 4294967295, 0
70, 4294967295, 0
71, 4294967295, 0
72, 4294967295, 0
73, 4294967295, 0
74, 4294967295, 0
75, 4294967295, 0
76, 4294967295, 0
77, 4294967295, 0
78, 4294967295, 0
79, 4294967295, 0
80, 4294967295, 0
81, 4294967295, 0
82, 4294967295, 0
83, 4294967295, 0
84, 4294967295, 0
85, 4294967295, 0
86, 4294967295, 0
87, 4294967295, 0
88, 4294967295, 0
89, 4294967295, 0
90, 4294967295, 0
91, 4294967295, 0
92, 4294967295, 0
93, 4294967295, 0
94, 4294967295, 0
95, 4294967295, 0
96, 4294967295, 0
97, 4294967295, 0
98, 4294967295, 0
99, 4294967295, 0
100, 4294967295, 0
101, 4294967295, 0
102, 4294967295, 0
103, 4294967295, 0
104, 4294967295, 0
105, 4294967295, 0
106, 4294967295, 0
107, 4294967295, 0
108, 4294967295, 0
109, 4294967295, 0
110, 4294967295, 0
111, 4294967295, 0
112, 4294967295, 0
113, 4294967295, 0
114, 4294967295, 0
115, 4294967295, 0
116, 4294967295, 0
117, 4294967295, 0
118, 4294967295, 0
119, 4294967295, 0
120, 4294967295, 0
121, 4294967295, 0
122, 4294967295, 0
123, 4294967295, 0
124, 4294967295, 0
125, 4294967295, 0
126, 4294967295, 0
127, 4294967295, 0
128, 4294967295, 0
129, 4294967295, 0
130, 4294967295, 0
131, 4294967295, 0
132, 4294967295, 0
133, 4294967295, 0
134, 4294967295, 0
135, 4294967295, 0
136, 4294967295, 0
137, 4294967295, 0
138, 4294967295, 0
139, 4294967295, 0
140, 4294967295, 0
141, 4294967295, 0
142, 4294967295, 0
143, 4294967295, 0
144, 4294967295, 0
145, 4294967295, 0
146, 4294967295, 0
147, 4294967295, 0
148, 4294967295, 0
149, 4294967295, 0
150, 4294967295, 0
151, 4294967295, 0
152, 4294967295, 0
153, 4294967295, 0
154, 4294967295, 0
155, 4294967295, 0
156, 4294967295, 0
157, 4294967295, 0
158, 4294967295, 0
159, 4294967295, 0
160, 4294967295, 0
161, 4294967295, 0
162, 4294967295, 0
163, 4294967295, 0
164, 4294967295, 0
165, 4294967295, 0
166, 4294967295, 0
167, 4294967295, 0
168, 4294967295, 0
169, 4294967295, 0
170, 4294967295, 0
171, 4294967295, 0
172, 4294967295, 0
173, 4294967295, 0
174, 4294967295, 0
175, 4294967295, 0
176, 4294967295, 0
177, 4294967295, 0
178, 4294967295, 0
179, 4294967295, 0
180, 4294967295, 0
181, 4294967295, 0
182, 4294967295, 0
183, 4294967295, 0
184, 4294967295, 0
185, 4294967295, 0
186, 4294967295, 0
187, 4294967295, 0
188, 4294967295, 0
189, 4294967295, 0
190, 4294967295, 0
191, 4294967295, 0
192, 4294967295, 0
193, 4294967295, 0
194, 4294967295, 0
195, 4294967295, 0
196, 4294967295, 0
197, 4294967295, 0
198, 4294967295, 0
199, 4294967295, 0
200, 4294967295, 0
201, 4294967295, 0
202, 4294967295, 0
203, 4294967295, 0
204, 4294967295, 0
205, 4294967295, 0
206, 4294967295, 0
207, 4294967295, 0
208, 4294967295, 0
209, 4294967295, 0
210, 4294967295, 0
211, 4294967295, 0
212, 4294967295, 0
213, 4294967295, 0
214, 4294967295, 0
215, 4294967295, 0
216, 4294967295, 0
217, 4294967295, 0
218, 4294967295, 0
219, 4294967295, 0
220, 4294967295, 0
221, 4294967295, 0
222, 4294967295, 0
223, 4294967295, 0
224, 4294967295, 0
225, 4294967295, 0
226, 4294967295, 0
227, 4294967295, 0
228, 4294967295, 0
229, 4294967295, 0
230, 4294967295, 0
231, 4294967295, 0
232, 4294967295, 0
233, 4294967295, 0
234, 4294967295, 0
235, 4294967295, 0
236, 4294967295, 0
237, 4294967295, 0
238, 4294967295, 0
239, 4294967295, 0
240, 4294967295, 0
241, 4294967295, 0
242, 4294967295, 0
243, 4294967295, 0
244, 4294967295, 0
245, 4294967295, 0
246, 4294967295, 0
247, 4294967295, 0
248, 4294967295, 0
249, 4294967295, 0
250, 4294967295, 0
251, 4294967295, 0
252, 4294967295, 0
253, 4294967295, 0
254, 4294967295, 0
255, 4294967295, 0
256, 4294967295, 0
257, 4294967295, 0
258, 4294967295, 0
259, 4294967295, 0
260, 4294967295, 0
261, 4294967295, 0
262, 4294967295, 0
263, 4294967295, 0
264, 4294967295, 0
265, 4294967295, 0
266, 4294967295, 0
267, 4294967295, 0
268, 4294967295, 0
269, 4294967295, 0
270, 4294967295, 0
271, 4294967295, 0
272, 4294967295, 0
273, 4294967295, 0
274, 4294967295, 0
275, 4294967295, 0
276, 4294967295, 0
277, 4294967295, 0
278, 4294967295, 0
279, 4294967295, 0
280, 4294967295, 0
281, 4294967295, 0
282, 4294967295, 0
283, 4294967295, 0
284, 4294967295, 0
285, 4294967295, 0
286, 4294967295, 0
287, 4294967295, 0
288, 4294967295, 0
289, 4294967295, 0
290, 4294967295, 0
291, 4294967295, 0
292, 4294967295, 0
293, 4294967295, 0
294, 4294967295, 0
295, 4294967295, 0
296, 4294967295, 0
297, 4294967295, 0
298, 4294967295, 0
299, 4294967295, 0
300, 4294967295, 0
301, 4294967295, 0
302, 4294967295, 0
303, 4294967295, 0
304, 4294967295, 0
305, 4294967295, 0
306, 4294967295, 0
307, 4294967295, 0
308, 4294967295, 0
309, 4294967295, 0
310, 4294967295, 0
311, 4294967295, 0
312, 4294967295, 0
313, 4294967295, 0
314, 4294967295, 0
315, 4294967295, 0
316, 4294967295, 0
317, 4294967295, 0
318, 4294967295, 0
319, 4294967295, 0
320, 4294967295, 0
321, 4294967295, 0
322, 4294967295, 0
323, 4294967295, 0
324, 4294967295, 0
325, 4294967295, 0
326, 4294967295, 0
327, 4294967295, 0
328, 4294967295, 0
329, 4294967295, 0
330, 4294967295, 0
331, 4294967295, 0
332, 4294967295, 0
333, 4294967295, 0
334, 4294967295, 0
335, 4294967295, 0
336, 4294967295, 0
337, 4294967295, 0
338, 4294967295, 0
339, 4294967295, 0
340, 4294967295, 0
341, 4294967295, 0
342, 4294967295, 0
343, 4294967295, 0
344, 4294967295, 0
345, 4294967295, 0
346, 4294967295, 0
