node, distance_to, predecessor
0, 0, 0
1, 55, 0
2, 60, 0
3, 72, 0
4, 85, 0
5, 61, 0
6, 86, 0
7, 55, 0
8, 85, 0
9, 43, 0
10, 63, 0
11, 228, 4300
12, 261, 11
13, 211, 160
14, 232, 509
15, 227, 631
16, 251, 11
17, 166, 179
18, 244, 3341
19, 323, 11
20, 202, 2396
21, 184, 2392
22, 4294967295, 0
23, 193, 2870
24, 4294967295, 0
25, 304, 5277
26, 4294967295, 0
27, 405, 521
28, 344, 3997
29, 267, 3027
30, 243, 2087
31, 91, 179
32, 150, 821
33, 368, 2485
34, 241, 135
35, 313, 979
36, 403, 6078
37, 396, 33
38, 158, 1287
39, 214, 1890
40, 435, 33
41, 280, 469
42, 344, 3045
43, 327, 4734
44, 4294967295, 0
45, 181, 2070
46, 4294967295, 0
47, 324, 4458
48, 272, 5197
49, 166, 355
50, 169, 2974
51, 168, 250
52, 4294967295, 0
53, 256, 989
54, 293, 3207
55, 206, 1402
56, 233, 2024
57, 176, 805
58, 271, 55
59, 213, 2399
60, 212, 1923
61, 268, 55
62, 136, 252
63, 179, 2181
64, 136, 250
65, 230, 5608
66, 4294967295, 0
67, 287, 1305
68, 384, 4628
69, 202, 1653
70, 4294967295, 0
71, 177, 2080
72, 4294967295, 0
73, 267, 2821
74, 4294967295, 0
75, 176, 3346
76, 247, 3929
77, 236, 4122
78, 224, 3822
79, 253, 76
80, 228, 531
81, 173, 335
82, 271, 76
83, 260, 1139
84, 341, 76
85, 220, 1533
86, 206, 2133
87, 262, 606
88, 311, 87
89, 294, 87
90, 351, 87
91, 181, 64
92, 201, 21
93, 291, 131
94, 186, 2376
95, 280, 87
96, 181, 1402
97, 186, 3309
98, 4294967295, 0
99, 322, 1025
100, 209, 331
101, 198, 49
102, 147, 64
103, 250, 4533
104, 405, 3369
105, 321, 3433
106, 146, 64
107, 228, 4189
108, 98, 390
109, 4294967295, 0
110, 240, 133
111, 270, 5981
112, 228, 4533
113, 219, 4068
114, 94, 250
115, 268, 707
116, 189, 3715
117, 224, 547
118, 237, 2293
119, 119, 559
120, 432, 3244
121, 70, 5
122, 77, 353
123, 91, 179
124, 91, 9
125, 89, 179
126, 139, 919
127, 108, 753
128, 64, 5
129, 121, 753
130, 256, 1382
131, 213, 4695
132, 104, 125
133, 212, 129
134, 289, 130
135, 195, 3364
136, 249, 2050
137, 275, 1323
138, 225, 988
139, 258, 130
140, 223, 1522
141, 216, 335
142, 195, 1786
143, 130, 4180
144, 153, 1458
145, 89, 856
146, 161, 352
147, 70, 9
148, 120, 149
149, 95, 1412
150, 240, 1255
151, 158, 1945
152, 156, 667
153, 204, 151
154, 209, 151
155, 218, 151
156, 254, 151
157, 244, 151
158, 189, 2336
159, 204, 151
160, 168, 151
161, 254, 151
162, 253, 1141
163, 245, 2710
164, 295, 2569
165, 183, 2748
166, 293, 162
167, 240, 2868
168, 307, 162
169, 253, 6266
170, 291, 1972
171, 233, 2581
172, 239, 1143
173, 247, 1228
174, 128, 369
175, 118, 127
176, 103, 7
177, 62, 9
178, 172, 1945
179, 66, 1412
180, 144, 1245
181, 255, 998
182, 168, 2719
183, 194, 1487
184, 196, 3771
185, 293, 181
186, 293, 181
187, 293, 181
188, 288, 181
189, 330, 181
190, 243, 4402
191, 184, 2043
192, 4294967295, 0
193, 243, 509
194, 4294967295, 0
195, 298, 3699
196, 318, 5440
197, 259, 1636
198, 194, 864
199, 194, 2115
200, 274, 197
201, 319, 197
202, 261, 4204
203, 280, 450
204, 281, 197
205, 227, 709
206, 269, 5716
207, 315, 197
208, 186, 1947
209, 283, 208
210, 273, 208
211, 203, 208
212, 191, 208
213, 277, 208
214, 212, 208
215, 161, 2358
216, 231, 208
217, 275, 208
218, 265, 380
219, 163, 129
220, 293, 218
221, 270, 225
222, 168, 125
223, 255, 4890
224, 214, 1573
225, 269, 218
226, 329, 218
227, 205, 1987
228, 279, 5277
229, 267, 1139
230, 152, 4159
231, 280, 1750
232, 337, 228
233, 308, 228
234, 293, 1610
235, 219, 5276
236, 4294967295, 0
237, 4294967295, 0
238, 159, 2037
239, 4294967295, 0
240, 272, 3147
241, 225, 926
242, 4294967295, 0
243, 238, 5982
244, 347, 2847
245, 4294967295, 0
246, 104, 145
247, 117, 9
248, 89, 9
249, 65, 9
250, 77, 179
251, 57, 9
252, 45, 9
253, 200, 938
254, 231, 253
255, 207, 178
256, 250, 2338
257, 201, 253
258, 167, 4
259, 260, 253
260, 160, 1336
261, 142, 390
262, 157, 756
263, 228, 3120
264, 107, 1412
265, 158, 145
266, 111, 367
267, 252, 263
268, 191, 334
269, 280, 263
270, 293, 1356
271, 266, 5645
272, 291, 2471
273, 329, 270
274, 241, 3014
275, 366, 270
276, 343, 3705
277, 357, 270
278, 361, 270
279, 266, 1943
280, 294, 279
281, 214, 1033
282, 209, 2226
283, 281, 279
284, 343, 279
285, 257, 146
286, 230, 3771
287, 291, 279
288, 275, 3409
289, 233, 2524
290, 165, 864
291, 230, 2181
292, 258, 5221
293, 279, 289
294, 260, 3228
295, 194, 977
296, 264, 3310
297, 276, 289
298, 235, 4189
299, 319, 289
300, 356, 4813
301, 277, 2906
302, 367, 5187
303, 200, 1534
304, 364, 300
305, 404, 3528
306, 439, 300
307, 232, 2181
308, 223, 3117
309, 215, 2285
310, 4294967295, 0
311, 275, 5074
312, 223, 3921
313, 244, 1390
314, 326, 978
315, 215, 4324
316, 4294967295, 0
317, 4294967295, 0
318, 273, 3207
319, 4294967295, 0
320, 4294967295, 0
321, 228, 3616
322, 238, 1675
323, 218, 629
324, 130, 108
325, 235, 1209
326, 181, 248
327, 199, 2362
328, 234, 321
329, 268, 886
330, 231, 3524
331, 117, 1287
332, 193, 331
333, 175, 331
334, 154, 331
335, 163, 331
336, 168, 331
337, 182, 331
338, 155, 331
339, 143, 331
340, 309, 1626
341, 232, 303
342, 219, 5276
343, 243, 531
344, 240, 2281
345, 242, 2961
346, 250, 4295
347, 280, 2069
348, 152, 2039
349, 393, 340
350, 256, 3963
351, 124, 249
352, 132, 351
353, 76, 5
354, 167, 351
355, 165, 351
356, 135, 351
357, 212, 351
358, 181, 351
359, 168, 351
360, 353, 3690
361, 285, 1984
362, 415, 360
363, 240, 509
364, 165, 6071
365, 120, 108
366, 4294967295, 0
367, 102, 177
368, 67, 177
369, 112, 717
370, 207, 4191
371, 280, 370
372, 293, 370
373, 271, 370
374, 263, 370
375, 289, 370
376, 210, 334
377, 255, 370
378, 213, 370
379, 281, 5432
380, 216, 370
381, 273, 4360
382, 250, 2253
383, 307, 381
384, 284, 381
385, 273, 1380
386, 321, 1333
387, 195, 1390
388, 287, 2300
389, 288, 381
390, 93, 124
391, 126, 390
392, 138, 390
393, 143, 390
394, 150, 390
395, 111, 390
396, 156, 390
397, 102, 390
398, 143, 390
399, 4294967295, 0
400, 281, 5221
401, 220, 2279
402, 260, 1675
403, 4294967295, 0
404, 260, 718
405, 4294967295, 0
406, 303, 3670
407, 251, 4242
408, 4294967295, 0
409, 302, 620
410, 4294967295, 0
411, 205, 158
412, 210, 1173
413, 180, 3309
414, 288, 267
415, 278, 2961
416, 302, 866
417, 4294967295, 0
418, 277, 5432
419, 395, 5597
420, 172, 3023
421, 4294967295, 0
422, 102, 1412
423, 141, 123
424, 143, 147
425, 262, 1426
426, 149, 5
427, 140, 1412
428, 4294967295, 0
429, 183, 3715
430, 455, 1605
431, 4294967295, 0
432, 203, 4191
433, 195, 2133
434, 233, 1827
435, 270, 4332
436, 282, 1700
437, 290, 599
438, 322, 5457
439, 4294967295, 0
440, 277, 984
441, 4294967295, 0
442, 295, 2003
443, 170, 4635
444, 4294967295, 0
445, 4294967295, 0
446, 294, 138
447, 4294967295, 0
448, 265, 981
449, 212, 2043
450, 254, 2337
451, 133, 918
452, 202, 2337
453, 227, 3284
454, 267, 450
455, 227, 3344
456, 307, 450
457, 259, 450
458, 241, 2050
459, 221, 667
460, 235, 1162
461, 272, 458
462, 244, 458
463, 206, 2112
464, 241, 4280
465, 261, 458
466, 307, 458
467, 291, 458
468, 169, 667
469, 253, 972
470, 255, 469
471, 345, 469
472, 271, 4355
473, 295, 469
474, 271, 635
475, 321, 469
476, 158, 4180
477, 162, 3140
478, 237, 3886
479, 241, 478
480, 238, 478
481, 329, 478
482, 332, 478
483, 239, 4728
484, 222, 2093
485, 195, 1653
486, 256, 478
487, 232, 2735
488, 307, 478
489, 328, 2055
490, 207, 1573
491, 138, 4
492, 337, 4312
493, 239, 1724
494, 249, 335
495, 193, 4191
496, 255, 1573
497, 416, 489
498, 297, 2847
499, 318, 701
500, 270, 2377
501, 404, 499
502, 385, 499
503, 131, 2392
504, 241, 4206
505, 241, 1084
506, 304, 701
507, 278, 480
508, 395, 4856
509, 215, 4295
510, 214, 116
511, 464, 508
512, 377, 1081
513, 127, 251
514, 206, 3819
515, 435, 508
516, 4294967295, 0
517, 4294967295, 0
518, 222, 910
519, 4294967295, 0
520, 158, 8
521, 326, 5195
522, 256, 2376
523, 371, 5066
524, 305, 2716
525, 4294967295, 0
526, 322, 1650
527, 275, 2639
528, 206, 805
529, 265, 1533
530, 231, 528
531, 169, 756
532, 196, 2337
533, 245, 528
534, 213, 938
535, 255, 528
536, 268, 528
537, 4294967295, 0
538, 270, 5653
539, 4294967295, 0
540, 261, 2347
541, 207, 876
542, 253, 3235
543, 4294967295, 0
544, 418, 5207
545, 4294967295, 0
546, 4294967295, 0
547, 156, 938
548, 219, 3220
549, 249, 1787
550, 254, 548
551, 201, 3023
552, 206, 2808
553, 258, 3095
554, 114, 717
555, 285, 548
556, 249, 548
557, 290, 1323
558, 223, 4111
559, 115, 179
560, 268, 1118
561, 256, 2377
562, 238, 4551
563, 197, 823
564, 335, 560
565, 307, 560
566, 228, 2324
567, 232, 1441
568, 208, 324
569, 304, 560
570, 275, 560
571, 225, 2859
572, 189, 356
573, 261, 4492
574, 208, 531
575, 230, 531
576, 196, 531
577, 409, 521
578, 175, 122
579, 263, 4213
580, 327, 521
581, 201, 2690
582, 267, 1958
583, 252, 1209
584, 207, 700
585, 297, 584
586, 149, 251
587, 213, 2275
588, 310, 4857
589, 344, 588
590, 357, 588
591, 343, 588
592, 350, 588
593, 405, 588
594, 344, 588
595, 395, 588
596, 347, 588
597, 349, 588
598, 397, 588
599, 287, 5083
600, 289, 599
601, 354, 599
602, 255, 846
603, 303, 599
604, 219, 2225
605, 242, 1740
606, 194, 3838
607, 251, 2948
608, 328, 607
609, 198, 1522
610, 323, 607
611, 306, 607
612, 223, 2295
613, 273, 5135
614, 243, 39
615, 309, 607
616, 268, 607
617, 324, 4574
618, 350, 617
619, 193, 2866
620, 235, 4215
621, 220, 1424
622, 403, 617
623, 251, 3273
624, 341, 617
625, 423, 617
626, 136, 1287
627, 209, 327
628, 226, 4058
629, 176, 1129
630, 246, 845
631, 226, 4438
632, 295, 631
633, 228, 631
634, 256, 631
635, 233, 866
636, 4294967295, 0
637, 103, 31
638, 301, 715
639, 4294967295, 0
640, 375, 416
641, 4294967295, 0
642, 340, 1870
643, 205, 811
644, 4294967295, 0
645, 266, 1139
646, 225, 1943
647, 4294967295, 0
648, 262, 3519
649, 217, 731
650, 427, 6069
651, 211, 1223
652, 265, 874
653, 4294967295, 0
654, 323, 3096
655, 415, 1799
656, 318, 4093
657, 318, 1400
658, 142, 2070
659, 207, 1033
660, 222, 945
661, 306, 2723
662, 403, 656
663, 339, 656
664, 176, 4635
665, 149, 8
666, 125, 353
667, 143, 145
668, 176, 2075
669, 185, 668
670, 196, 668
671, 191, 668
672, 245, 668
673, 271, 668
674, 181, 668
675, 198, 668
676, 187, 668
677, 181, 668
678, 190, 668
679, 226, 4781
680, 233, 5273
681, 234, 679
682, 256, 679
683, 323, 679
684, 234, 2362
685, 280, 2094
686, 224, 805
687, 267, 679
688, 326, 679
689, 293, 5104
690, 217, 3558
691, 186, 1454
692, 228, 2906
693, 160, 4180
694, 227, 1535
695, 180, 717
696, 153, 126
697, 144, 264
698, 182, 126
699, 226, 3616
700, 174, 176
701, 298, 5326
702, 356, 701
703, 137, 3
704, 344, 701
705, 302, 701
706, 197, 2866
707, 223, 3676
708, 345, 701
709, 223, 3010
710, 228, 3156
711, 277, 1910
712, 226, 811
713, 272, 709
714, 265, 2332
715, 296, 3046
716, 294, 2903
717, 102, 145
718, 182, 1487
719, 4294967295, 0
720, 307, 4319
721, 290, 571
722, 280, 480
723, 4294967295, 0
724, 354, 5238
725, 241, 38
726, 295, 2612
727, 262, 1089
728, 300, 3179
729, 369, 728
730, 172, 2399
731, 204, 5931
732, 215, 1389
733, 266, 4896
734, 342, 728
735, 346, 728
736, 205, 2038
737, 284, 736
738, 226, 2997
739, 172, 968
740, 235, 2360
741, 242, 736
742, 237, 736
743, 243, 736
744, 238, 736
745, 233, 736
746, 310, 635
747, 245, 635
748, 263, 3550
749, 222, 4043
750, 268, 5589
751, 206, 348
752, 4294967295, 0
753, 102, 7
754, 79, 353
755, 125, 249
756, 134, 559
757, 219, 756
758, 185, 756
759, 193, 559
760, 197, 756
761, 210, 756
762, 110, 249
763, 157, 756
764, 212, 303
765, 231, 764
766, 216, 764
767, 254, 764
768, 266, 764
769, 155, 805
770, 210, 805
771, 226, 2293
772, 259, 764
773, 292, 764
774, 224, 764
775, 4294967295, 0
776, 210, 247
777, 208, 4434
778, 139, 804
779, 278, 777
780, 221, 777
781, 218, 777
782, 251, 1383
783, 225, 777
784, 270, 777
785, 282, 5552
786, 264, 135
787, 319, 4193
788, 189, 3966
789, 290, 5980
790, 347, 280
791, 266, 1030
792, 240, 1556
793, 363, 787
794, 358, 787
795, 201, 5171
796, 190, 637
797, 4294967295, 0
798, 314, 4746
799, 290, 1426
800, 443, 4995
801, 221, 945
802, 223, 2376
803, 182, 2112
804, 124, 2392
805, 133, 804
806, 214, 804
807, 186, 804
808, 64, 252
809, 161, 804
810, 141, 804
811, 201, 804
812, 194, 804
813, 149, 804
814, 129, 1945
815, 137, 804
816, 181, 804
817, 135, 804
818, 126, 559
819, 143, 559
820, 127, 559
821, 129, 559
822, 151, 559
823, 175, 1644
824, 116, 559
825, 221, 3676
826, 111, 3
827, 306, 825
828, 195, 4068
829, 197, 1675
830, 232, 825
831, 261, 825
832, 254, 825
833, 222, 869
834, 222, 2471
835, 188, 2719
836, 211, 2654
837, 199, 1724
838, 227, 836
839, 220, 836
840, 176, 3364
841, 272, 836
842, 186, 4487
843, 181, 334
844, 212, 836
845, 235, 836
846, 235, 1888
847, 218, 1162
848, 252, 1989
849, 253, 846
850, 179, 3851
851, 239, 846
852, 144, 8
853, 252, 2286
854, 306, 846
855, 269, 3859
856, 80, 353
857, 286, 855
858, 222, 1675
859, 219, 1556
860, 257, 3117
861, 247, 859
862, 237, 859
863, 249, 859
864, 157, 129
865, 260, 859
866, 223, 2593
867, 232, 962
868, 252, 859
869, 199, 637
870, 160, 31
871, 131, 637
872, 183, 637
873, 82, 251
874, 182, 637
875, 169, 637
876, 160, 637
877, 162, 637
878, 247, 3981
879, 274, 878
880, 231, 1548
881, 268, 878
882, 282, 878
883, 235, 307
884, 235, 3235
885, 273, 878
886, 219, 2038
887, 305, 886
888, 251, 886
889, 159, 2581
890, 271, 886
891, 246, 886
892, 223, 2451
893, 288, 579
894, 176, 823
895, 270, 3519
896, 4294967295, 0
897, 296, 3921
898, 204, 703
899, 4294967295, 0
900, 172, 247
901, 331, 1276
902, 282, 3903
903, 4294967295, 0
904, 300, 4222
905, 4294967295, 0
906, 219, 975
907, 233, 906
908, 230, 955
909, 215, 3817
910, 207, 1459
911, 134, 4180
912, 255, 906
913, 268, 906
914, 101, 248
915, 93, 248
916, 100, 248
917, 107, 248
918, 121, 248
919, 128, 248
920, 114, 248
921, 185, 248
922, 146, 248
923, 322, 5202
924, 166, 2001
925, 281, 2360
926, 194, 3066
927, 394, 923
928, 165, 821
929, 4294967295, 0
930, 174, 348
931, 294, 1557
932, 188, 2593
933, 233, 3670
934, 4294967295, 0
935, 410, 1250
936, 4294967295, 0
937, 170, 4081
938, 146, 852
939, 218, 938
940, 228, 3408
941, 202, 938
942, 225, 3921
943, 216, 938
944, 173, 392
945, 210, 938
946, 158, 126
947, 145, 176
948, 4294967295, 0
949, 4294967295, 0
950, 4294967295, 0
951, 385, 389
952, 252, 3341
953, 247, 3818
954, 288, 952
955, 215, 1968
956, 346, 952
957, 207, 32
958, 251, 2698
959, 302, 952
960, 188, 424
961, 4294967295, 0
962, 192, 2551
963, 246, 1377
964, 4294967295, 0
965, 233, 811
966, 4294967295, 0
967, 283, 5104
968, 164, 3364
969, 215, 968
970, 221, 4684
971, 246, 968
972, 200, 968
973, 212, 968
974, 258, 968
975, 213, 20
976, 235, 975
977, 156, 398
978, 298, 975
979, 214, 572
980, 230, 975
981, 229, 975
982, 219, 1243
983, 89, 249
984, 276, 1946
985, 291, 984
986, 236, 989
987, 354, 984
988, 218, 1243
989, 227, 2275
990, 264, 3363
991, 315, 4740
992, 4294967295, 0
993, 268, 2056
994, 4294967295, 0
995, 315, 3016
996, 276, 382
997, 219, 3171
998, 252, 1107
999, 4294967295, 0
1000, 4294967295, 0
1001, 249, 1173
1002, 373, 5163
1003, 266, 874
1004, 216, 326
1005, 256, 1920
1006, 317, 6094
1007, 195, 3981
1008, 4294967295, 0
1009, 337, 1549
1010, 282, 5040
1011, 382, 1009
1012, 434, 1009
1013, 379, 1009
1014, 379, 1009
1015, 315, 5045
1016, 254, 3014
1017, 195, 2639
1018, 240, 3337
1019, 194, 2285
1020, 265, 3886
1021, 133, 4
1022, 208, 4081
1023, 185, 1547
1024, 203, 769
1025, 280, 1022
1026, 204, 1675
1027, 154, 2080
1028, 207, 32
1029, 195, 2079
1030, 248, 3956
1031, 261, 2338
1032, 230, 1022
1033, 140, 2039
1034, 182, 1033
1035, 204, 1033
1036, 183, 1033
1037, 153, 1033
1038, 233, 1033
1039, 236, 1033
1040, 207, 1033
1041, 370, 105
1042, 246, 4567
1043, 270, 1289
1044, 162, 2292
1045, 427, 1041
1046, 410, 1041
1047, 130, 918
1048, 203, 2148
1049, 299, 1048
1050, 184, 17
1051, 262, 1048
1052, 175, 335
1053, 300, 1048
1054, 196, 2225
1055, 271, 1040
1056, 204, 2808
1057, 351, 1251
1058, 363, 1057
1059, 285, 3781
1060, 252, 1173
1061, 241, 303
1062, 272, 2360
1063, 410, 1057
1064, 140, 62
1065, 425, 1057
1066, 248, 2748
1067, 172, 247
1068, 130, 247
1069, 210, 247
1070, 186, 247
1071, 200, 247
1072, 146, 247
1073, 214, 247
1074, 122, 247
1075, 4294967295, 0
1076, 368, 1191
1077, 164, 2974
1078, 331, 3152
1079, 365, 1191
1080, 4294967295, 0
1081, 280, 2461
1082, 262, 5615
1083, 4294967295, 0
1084, 227, 1767
1085, 252, 1084
1086, 246, 3781
1087, 230, 2348
1088, 261, 4282
1089, 234, 3654
1090, 192, 3259
1091, 341, 2821
1092, 263, 2607
1093, 278, 303
1094, 205, 1749
1095, 241, 303
1096, 243, 138
1097, 116, 3
1098, 4294967295, 0
1099, 4294967295, 0
1100, 313, 3115
1101, 4294967295, 0
1102, 409, 5151
1103, 205, 1986
1104, 307, 1721
1105, 4294967295, 0
1106, 346, 4230
1107, 211, 5417
1108, 4294967295, 0
1109, 268, 2681
1110, 4294967295, 0
1111, 4294967295, 0
1112, 4294967295, 0
1113, 4294967295, 0
1114, 345, 226
1115, 226, 1787
1116, 286, 4766
1117, 4294967295, 0
1118, 170, 1896
1119, 4294967295, 0
1120, 262, 3801
1121, 4294967295, 0
1122, 199, 5980
1123, 236, 3781
1124, 316, 963
1125, 351, 1124
1126, 344, 1124
1127, 319, 1971
1128, 342, 1124
1129, 156, 2225
1130, 351, 1124
1131, 354, 1419
1132, 325, 1124
1133, 173, 1740
1134, 309, 2798
1135, 228, 5029
1136, 242, 4935
1137, 254, 4839
1138, 307, 4492
1139, 213, 1675
1140, 203, 2748
1141, 181, 4487
1142, 269, 75
1143, 215, 1397
1144, 197, 1945
1145, 336, 868
1146, 347, 868
1147, 280, 868
1148, 278, 868
1149, 307, 868
1150, 194, 3813
1151, 203, 811
1152, 298, 868
1153, 349, 868
1154, 356, 1832
1155, 370, 1154
1156, 277, 4093
1157, 281, 2253
1158, 285, 1198
1159, 424, 1154
1160, 273, 4469
1161, 4294967295, 0
1162, 194, 2396
1163, 270, 1162
1164, 230, 1162
1165, 242, 1162
1166, 221, 1162
1167, 221, 4033
1168, 224, 1772
1169, 239, 5941
1170, 268, 1167
1171, 310, 1167
1172, 358, 4109
1173, 173, 2228
1174, 385, 1172
1175, 287, 2599
1176, 251, 1039
1177, 188, 3273
1178, 242, 1396
1179, 219, 1459
1180, 119, 5171
1181, 4294967295, 0
1182, 4294967295, 0
1183, 4294967295, 0
1184, 245, 3023
1185, 4294967295, 0
1186, 4294967295, 0
1187, 4294967295, 0
1188, 4294967295, 0
1189, 4294967295, 0
1190, 4294967295, 0
1191, 287, 1010
1192, 288, 5241
1193, 226, 133
1194, 202, 62
1195, 258, 869
1196, 233, 62
1197, 267, 285
1198, 202, 62
1199, 237, 32
1200, 4294967295, 0
1201, 4294967295, 0
1202, 372, 280
1203, 176, 2974
1204, 4294967295, 0
1205, 4294967295, 0
1206, 4294967295, 0
1207, 4294967295, 0
1208, 253, 2053
1209, 209, 2719
1210, 219, 1209
1211, 287, 3409
1212, 181, 356
1213, 203, 918
1214, 224, 1209
1215, 217, 1209
1216, 227, 1750
1217, 218, 2614
1218, 4294967295, 0
1219, 123, 31
1220, 315, 2530
1221, 198, 1027
1222, 4294967295, 0
1223, 209, 821
1224, 147, 821
1225, 4294967295, 0
1226, 4294967295, 0
1227, 142, 873
1228, 152, 1945
1229, 293, 6165
1230, 226, 2024
1231, 210, 821
1232, 252, 380
1233, 253, 732
1234, 310, 380
1235, 208, 3865
1236, 309, 380
1237, 4294967295, 0
1238, 4294967295, 0
1239, 218, 2337
1240, 305, 2068
1241, 4294967295, 0
1242, 4294967295, 0
1243, 190, 2381
1244, 4294967295, 0
1245, 107, 177
1246, 110, 147
1247, 4294967295, 0
1248, 263, 2504
1249, 222, 1522
1250, 334, 1958
1251, 267, 1888
1252, 221, 3660
1253, 280, 1251
1254, 320, 1251
1255, 189, 2719
1256, 253, 411
1257, 319, 1251
1258, 271, 3149
1259, 250, 2292
1260, 4294967295, 0
1261, 303, 5542
1262, 314, 3626
1263, 4294967295, 0
1264, 250, 823
1265, 252, 2635
1266, 344, 3571
1267, 216, 3921
1268, 251, 1267
1269, 257, 1267
1270, 239, 1267
1271, 262, 1267
1272, 153, 4180
1273, 177, 4180
1274, 238, 1267
1275, 242, 1459
1276, 259, 1275
1277, 281, 1275
1278, 278, 4666
1279, 287, 1275
1280, 281, 3654
1281, 250, 4137
1282, 285, 1275
1283, 339, 1275
1284, 323, 1275
1285, 285, 1275
1286, 4294967295, 0
1287, 102, 3
1288, 230, 4689
1289, 224, 3096
1290, 300, 1854
1291, 299, 1854
1292, 279, 907
1293, 4294967295, 0
1294, 4294967295, 0
1295, 4294967295, 0
1296, 4294967295, 0
1297, 238, 2938
1298, 4294967295, 0
1299, 312, 2049
1300, 219, 257
1301, 226, 1782
1302, 234, 257
1303, 231, 257
1304, 270, 257
1305, 194, 3014
1306, 208, 257
1307, 4294967295, 0
1308, 4294967295, 0
1309, 258, 686
1310, 324, 4137
1311, 276, 3568
1312, 4294967295, 0
1313, 203, 1522
1314, 4294967295, 0
1315, 4294967295, 0
1316, 208, 1027
1317, 122, 145
1318, 226, 979
1319, 272, 979
1320, 244, 979
1321, 247, 5147
1322, 230, 348
1323, 195, 823
1324, 268, 823
1325, 204, 823
1326, 200, 823
1327, 192, 823
1328, 180, 823
1329, 256, 532
1330, 210, 5417
1331, 281, 3900
1332, 194, 2376
1333, 229, 864
1334, 203, 2333
1335, 250, 769
1336, 138, 873
1337, 237, 75
1338, 201, 5171
1339, 195, 2392
1340, 347, 1191
1341, 320, 1971
1342, 221, 4033
1343, 292, 1191
1344, 291, 1191
1345, 251, 4433
1346, 315, 1301
1347, 234, 1301
1348, 274, 1362
1349, 92, 250
1350, 196, 667
1351, 238, 866
1352, 235, 484
1353, 254, 1352
1354, 298, 1352
1355, 311, 1352
1356, 281, 2523
1357, 347, 1356
1358, 275, 211
1359, 274, 4587
1360, 375, 1356
1361, 252, 110
1362, 260, 1941
1363, 274, 1362
1364, 169, 348
1365, 251, 2293
1366, 208, 2293
1367, 201, 869
1368, 351, 1362
1369, 255, 4242
1370, 243, 433
1371, 271, 1370
1372, 274, 1370
1373, 265, 1370
1374, 136, 4438
1375, 321, 1370
1376, 195, 38
1377, 190, 2593
1378, 179, 2133
1379, 295, 6264
1380, 235, 739
1381, 342, 1379
1382, 245, 4533
1383, 214, 1842
1384, 248, 1382
1385, 215, 1212
1386, 360, 1379
1387, 246, 3138
1388, 166, 3465
1389, 144, 250
1390, 193, 165
1391, 187, 1389
1392, 149, 1389
1393, 241, 1389
1394, 100, 8
1395, 222, 1389
1396, 213, 4189
1397, 180, 1389
1398, 4294967295, 0
1399, 4294967295, 0
1400, 296, 2554
1401, 297, 1533
1402, 146, 2237
1403, 4294967295, 0
1404, 284, 4432
1405, 409, 5509
1406, 4294967295, 0
1407, 339, 2145
1408, 301, 866
1409, 257, 3152
1410, 4294967295, 0
1411, 256, 1382
1412, 61, 251
1413, 337, 1411
1414, 121, 1644
1415, 236, 3115
1416, 300, 1411
1417, 286, 750
1418, 142, 4
1419, 317, 111
1420, 276, 5568
1421, 343, 1419
1422, 391, 1419
1423, 272, 3822
1424, 204, 3738
1425, 181, 2070
1426, 204, 2093
1427, 233, 2635
1428, 165, 122
1429, 224, 629
1430, 214, 629
1431, 242, 629
1432, 218, 629
1433, 251, 2494
1434, 235, 4431
1435, 244, 1434
1436, 326, 1434
1437, 245, 1380
1438, 286, 1434
1439, 257, 606
1440, 403, 1002
1441, 175, 697
1442, 215, 2719
1443, 269, 4864
1444, 169, 1402
1445, 4294967295, 0
1446, 4294967295, 0
1447, 275, 5030
1448, 4294967295, 0
1449, 4294967295, 0
1450, 4294967295, 0
1451, 138, 122
1452, 4294967295, 0
1453, 4294967295, 0
1454, 177, 2237
1455, 4294967295, 0
1456, 243, 4891
1457, 162, 3117
1458, 137, 2237
1459, 177, 32
1460, 475, 5961
1461, 557, 1460
1462, 4294967295, 0
1463, 4294967295, 0
1464, 4294967295, 0
1465, 4294967295, 0
1466, 240, 198
1467, 4294967295, 0
1468, 4294967295, 0
1469, 4294967295, 0
1470, 4294967295, 0
1471, 342, 3810
1472, 4294967295, 0
1473, 302, 2883
1474, 4294967295, 0
1475, 119, 252
1476, 279, 3033
1477, 267, 1365
1478, 4294967295, 0
1479, 4294967295, 0
1480, 308, 5220
1481, 232, 4487
1482, 225, 2666
1483, 4294967295, 0
1484, 514, 5160
1485, 209, 2666
1486, 194, 108
1487, 166, 5788
1488, 284, 472
1489, 168, 180
1490, 180, 180
1491, 219, 1556
1492, 194, 2593
1493, 224, 2690
1494, 4294967295, 0
1495, 354, 5603
1496, 452, 1495
1497, 4294967295, 0
1498, 444, 305
1499, 4294967295, 0
1500, 310, 611
1501, 281, 3557
1502, 4294967295, 0
1503, 242, 707
1504, 281, 1297
1505, 238, 4236
1506, 233, 2115
1507, 262, 1506
1508, 312, 1506
1509, 207, 2338
1510, 275, 1506
1511, 187, 1459
1512, 250, 2295
1513, 237, 1506
1514, 274, 1506
1515, 195, 2381
1516, 231, 1090
1517, 222, 700
1518, 313, 5008
1519, 322, 1518
1520, 4294967295, 0
1521, 4294967295, 0
1522, 178, 2358
1523, 4294967295, 0
1524, 213, 180
1525, 4294967295, 0
1526, 282, 1922
1527, 4294967295, 0
1528, 256, 4444
1529, 239, 3310
1530, 213, 3408
1531, 267, 740
1532, 316, 1531
1533, 215, 3309
1534, 188, 1317
1535, 188, 125
1536, 284, 998
1537, 265, 6102
1538, 246, 3819
1539, 289, 1531
1540, 223, 3813
1541, 228, 1540
1542, 314, 5224
1543, 238, 1540
1544, 217, 5788
1545, 240, 1540
1546, 299, 1429
1547, 165, 554
1548, 223, 1920
1549, 246, 2461
1550, 313, 1546
1551, 308, 1546
1552, 319, 5701
1553, 287, 1636
1554, 298, 3475
1555, 211, 1749
1556, 209, 852
1557, 254, 3962
1558, 354, 1557
1559, 266, 2938
1560, 330, 1557
1561, 270, 165
1562, 4294967295, 0
1563, 201, 1653
1564, 285, 243
1565, 289, 433
1566, 4294967295, 0
1567, 4294967295, 0
1568, 208, 3066
1569, 320, 2114
1570, 253, 1067
1571, 285, 2612
1572, 356, 1569
1573, 193, 1669
1574, 245, 1787
1575, 136, 2075
1576, 363, 1569
1577, 313, 4541
1578, 357, 1577
1579, 4294967295, 0
1580, 4294967295, 0
1581, 168, 703
1582, 4294967295, 0
1583, 199, 3346
1584, 232, 2635
1585, 272, 1782
1586, 290, 1585
1587, 168, 334
1588, 365, 1585
1589, 212, 697
1590, 289, 1585
1591, 162, 3
1592, 242, 3801
1593, 292, 1585
1594, 341, 705
1595, 320, 1616
1596, 4294967295, 0
1597, 302, 5211
1598, 249, 2231
1599, 287, 4667
1600, 306, 705
1601, 278, 1917
1602, 239, 2635
1603, 4294967295, 0
1604, 319, 4638
1605, 444, 3913
1606, 190, 2001
1607, 197, 1867
1608, 193, 1535
1609, 251, 739
1610, 292, 988
1611, 270, 6269
1612, 341, 1610
1613, 338, 1610
1614, 295, 3815
1615, 295, 1972
1616, 303, 4654
1617, 235, 5417
1618, 278, 767
1619, 340, 1616
1620, 234, 703
1621, 310, 1616
1622, 334, 1616
1623, 342, 1616
1624, 347, 1005
1625, 4294967295, 0
1626, 273, 1948
1627, 334, 5952
1628, 216, 693
1629, 271, 1549
1630, 286, 3469
1631, 171, 1740
1632, 290, 4295
1633, 322, 2116
1634, 384, 1633
1635, 182, 2997
1636, 254, 1547
1637, 290, 2114
1638, 391, 1633
1639, 408, 1633
1640, 399, 1633
1641, 378, 705
1642, 306, 1354
1643, 419, 1641
1644, 111, 250
1645, 272, 4285
1646, 387, 1641
1647, 190, 2075
1648, 4294967295, 0
1649, 4294967295, 0
1650, 254, 2997
1651, 245, 1039
1652, 264, 1650
1653, 165, 1945
1654, 341, 5227
1655, 197, 4152
1656, 246, 707
1657, 4294967295, 0
1658, 294, 4766
1659, 333, 1701
1660, 4294967295, 0
1661, 248, 2050
1662, 4294967295, 0
1663, 4294967295, 0
1664, 315, 3963
1665, 379, 5623
1666, 250, 1780
1667, 294, 3009
1668, 4294967295, 0
1669, 125, 4
1670, 283, 2396
1671, 254, 3066
1672, 340, 1636
1673, 412, 1672
1674, 4294967295, 0
1675, 194, 4203
1676, 314, 4815
1677, 180, 1724
1678, 4294967295, 0
1679, 338, 4733
1680, 4294967295, 0
1681, 4294967295, 0
1682, 327, 579
1683, 4294967295, 0
1684, 4294967295, 0
1685, 340, 4207
1686, 342, 1685
1687, 359, 1685
1688, 154, 1068
1689, 262, 766
1690, 200, 695
1691, 204, 2424
1692, 4294967295, 0
1693, 4294967295, 0
1694, 384, 4724
1695, 298, 4890
1696, 4294967295, 0
1697, 244, 1827
1698, 230, 4235
1699, 201, 32
1700, 203, 32
1701, 237, 3838
1702, 160, 32
1703, 243, 32
1704, 300, 858
1705, 281, 1870
1706, 250, 1675
1707, 275, 858
1708, 189, 918
1709, 269, 858
1710, 357, 5067
1711, 242, 3767
1712, 4294967295, 0
1713, 4294967295, 0
1714, 274, 1870
1715, 365, 1714
1716, 281, 1714
1717, 252, 1750
1718, 203, 2735
1719, 285, 4319
1720, 280, 3060
1721, 232, 4122
1722, 4294967295, 0
1723, 4294967295, 0
1724, 168, 3394
1725, 271, 1337
1726, 122, 250
1727, 290, 1337
1728, 161, 2237
1729, 347, 3831
1730, 204, 606
1731, 207, 4684
1732, 370, 1729
1733, 253, 387
1734, 279, 867
1735, 266, 998
1736, 325, 1735
1737, 299, 1735
1738, 241, 2376
1739, 301, 1735
1740, 163, 3364
1741, 192, 3364
1742, 4294967295, 0
1743, 364, 4778
1744, 200, 4444
1745, 4294967295, 0
1746, 4294967295, 0
1747, 200, 2050
1748, 4294967295, 0
1749, 203, 1305
1750, 218, 1027
1751, 408, 5152
1752, 232, 138
1753, 4294967295, 0
1754, 162, 2870
1755, 212, 339
1756, 319, 2871
1757, 225, 5417
1758, 402, 3244
1759, 4294967295, 0
1760, 275, 1004
1761, 380, 5886
1762, 236, 2292
1763, 315, 1297
1764, 234, 2474
1765, 290, 4423
1766, 183, 180
1767, 207, 3117
1768, 276, 1767
1769, 290, 1767
1770, 125, 5175
1771, 225, 1767
1772, 218, 1920
1773, 219, 1968
1774, 291, 1767
1775, 236, 1767
1776, 224, 2244
1777, 212, 962
1778, 193, 962
1779, 290, 962
1780, 227, 2761
1781, 218, 962
1782, 204, 962
1783, 291, 962
1784, 242, 3312
1785, 4294967295, 0
1786, 139, 8
1787, 197, 1675
1788, 210, 1787
1789, 225, 2612
1790, 185, 547
1791, 410, 1659
1792, 257, 1989
1793, 4294967295, 0
1794, 323, 1815
1795, 401, 1794
1796, 318, 3095
1797, 215, 2279
1798, 221, 3818
1799, 326, 4215
1800, 246, 4301
1801, 301, 2048
1802, 339, 3536
1803, 263, 707
1804, 281, 4235
1805, 222, 3982
1806, 285, 1805
1807, 299, 1805
1808, 193, 4566
1809, 270, 1805
1810, 287, 1805
1811, 235, 5981
1812, 246, 1675
1813, 225, 1805
1814, 281, 411
1815, 242, 4285
1816, 325, 3374
1817, 230, 2634
1818, 319, 1815
1819, 306, 1815
1820, 329, 1815
1821, 378, 4857
1822, 315, 1533
1823, 438, 1821
1824, 239, 4213
1825, 396, 1821
1826, 270, 1888
1827, 227, 4728
1828, 258, 1827
1829, 263, 2757
1830, 208, 3260
1831, 228, 131
1832, 283, 1827
1833, 243, 21
1834, 4294967295, 0
1835, 4294967295, 0
1836, 468, 27
1837, 251, 1545
1838, 261, 6102
1839, 4294967295, 0
1840, 267, 2069
1841, 290, 680
1842, 180, 8
1843, 249, 680
1844, 244, 680
1845, 240, 3260
1846, 185, 392
1847, 4294967295, 0
1848, 311, 5495
1849, 219, 3660
1850, 234, 2079
1851, 4294967295, 0
1852, 273, 1143
1853, 4294967295, 0
1854, 272, 1232
1855, 353, 5083
1856, 4294967295, 0
1857, 4294967295, 0
1858, 4294967295, 0
1859, 283, 2532
1860, 139, 1895
1861, 239, 1090
1862, 265, 2732
1863, 270, 5625
1864, 4294967295, 0
1865, 193, 165
1866, 208, 2237
1867, 169, 2001
1868, 162, 2381
1869, 4294967295, 0
1870, 258, 659
1871, 344, 1870
1872, 260, 4766
1873, 187, 821
1874, 332, 1870
1875, 322, 1870
1876, 4294967295, 0
1877, 4294967295, 0
1878, 332, 2695
1879, 4294967295, 0
1880, 288, 5007
1881, 252, 5224
1882, 256, 6102
1883, 397, 5413
1884, 4294967295, 0
1885, 260, 718
1886, 225, 718
1887, 256, 1943
1888, 204, 334
1889, 254, 1888
1890, 184, 1397
1891, 280, 2333
1892, 198, 2336
1893, 289, 1888
1894, 237, 1888
1895, 78, 3
1896, 169, 3
1897, 100, 3
1898, 111, 3
1899, 120, 3
1900, 178, 4
1901, 167, 2278
1902, 93, 4
1903, 119, 4
1904, 161, 8
1905, 138, 8
1906, 96, 8
1907, 127, 8
1908, 268, 20
1909, 223, 20
1910, 266, 20
1911, 114, 422
1912, 221, 3138
1913, 117, 2075
1914, 318, 2017
1915, 159, 38
1916, 210, 21
1917, 226, 21
1918, 231, 21
1919, 232, 21
1920, 209, 21
1921, 247, 21
1922, 258, 39
1923, 208, 3654
1924, 290, 39
1925, 272, 39
1926, 254, 39
1927, 274, 39
1928, 190, 102
1929, 177, 4081
1930, 278, 1882
1931, 311, 2862
1932, 372, 43
1933, 306, 280
1934, 183, 1947
1935, 234, 3266
1936, 231, 3260
1937, 243, 60
1938, 284, 60
1939, 279, 60
1940, 161, 4081
1941, 242, 60
1942, 251, 60
1943, 218, 4344
1944, 223, 2201
1945, 117, 1287
1946, 228, 64
1947, 172, 64
1948, 208, 64
1949, 183, 64
1950, 189, 63
1951, 221, 64
1952, 151, 64
1953, 479, 68
1954, 180, 31
1955, 250, 3929
1956, 150, 667
1957, 202, 1441
1958, 246, 686
1959, 169, 62
1960, 180, 62
1961, 159, 62
1962, 226, 62
1963, 151, 62
1964, 247, 75
1965, 236, 75
1966, 180, 75
1967, 255, 75
1968, 193, 75
1969, 217, 1923
1970, 287, 73
1971, 285, 73
1972, 269, 73
1973, 285, 73
1974, 236, 981
1975, 221, 2226
1976, 290, 73
1977, 223, 63
1978, 276, 2494
1979, 251, 3771
1980, 206, 63
1981, 260, 63
1982, 233, 63
1983, 213, 3004
1984, 195, 81
1985, 194, 81
1986, 196, 81
1987, 192, 81
1988, 195, 81
1989, 225, 1454
1990, 176, 852
1991, 247, 81
1992, 270, 3962
1993, 298, 61
1994, 247, 3023
1995, 325, 61
1996, 304, 61
1997, 231, 2278
1998, 324, 61
1999, 326, 61
2000, 266, 83
2001, 148, 176
2002, 173, 38
2003, 247, 65
2004, 155, 5175
2005, 262, 5615
2006, 247, 65
2007, 226, 38
2008, 269, 2761
2009, 315, 65
2010, 261, 3738
2011, 178, 1118
2012, 355, 89
2013, 200, 116
2014, 260, 80
2015, 223, 92
2016, 247, 92
2017, 248, 100
2018, 140, 250
2019, 400, 105
2020, 367, 1973
2021, 290, 2823
2022, 199, 2614
2023, 203, 335
2024, 202, 3228
2025, 501, 104
2026, 202, 760
2027, 166, 102
2028, 215, 102
2029, 308, 110
2030, 196, 116
2031, 268, 110
2032, 206, 2494
2033, 258, 110
2034, 209, 697
2035, 223, 2952
2036, 194, 3865
2037, 150, 108
2038, 146, 108
2039, 101, 108
2040, 155, 1644
2041, 119, 108
2042, 112, 914
2043, 141, 108
2044, 232, 112
2045, 305, 112
2046, 303, 112
2047, 303, 112
2048, 205, 3163
2049, 217, 3259
2050, 155, 3138
2051, 191, 116
2052, 245, 116
2053, 175, 334
2054, 190, 116
2055, 256, 116
2056, 194, 160
2057, 111, 122
2058, 99, 122
2059, 174, 122
2060, 123, 122
2061, 101, 122
2062, 165, 122
2063, 126, 124
2064, 123, 7
2065, 285, 111
2066, 153, 3394
2067, 187, 2148
2068, 225, 3966
2069, 254, 1675
2070, 137, 125
2071, 165, 125
2072, 139, 125
2073, 90, 125
2074, 153, 125
2075, 116, 125
2076, 187, 127
2077, 114, 132
2078, 155, 129
2079, 161, 129
2080, 130, 129
2081, 152, 129
2082, 162, 129
2083, 199, 129
2084, 260, 133
2085, 243, 133
2086, 219, 2761
2087, 239, 133
2088, 258, 133
2089, 195, 2974
2090, 226, 138
2091, 238, 2112
2092, 221, 131
2093, 199, 977
2094, 222, 131
2095, 281, 131
2096, 277, 2578
2097, 295, 131
2098, 129, 145
2099, 254, 907
2100, 224, 135
2101, 239, 135
2102, 233, 135
2103, 278, 135
2104, 253, 158
2105, 210, 1867
2106, 269, 2906
2107, 196, 158
2108, 171, 3260
2109, 241, 160
2110, 253, 160
2111, 238, 2112
2112, 172, 160
2113, 199, 160
2114, 250, 2079
2115, 180, 160
2116, 279, 169
2117, 257, 169
2118, 276, 169
2119, 213, 572
2120, 279, 169
2121, 331, 169
2122, 140, 176
2123, 229, 165
2124, 189, 165
2125, 203, 1644
2126, 258, 4469
2127, 242, 178
2128, 263, 178
2129, 262, 178
2130, 150, 180
2131, 236, 180
2132, 218, 180
2133, 156, 180
2134, 233, 180
2135, 4294967295, 0
2136, 547, 6124
2137, 4294967295, 0
2138, 241, 2709
2139, 254, 4459
2140, 383, 1229
2141, 246, 2471
2142, 408, 196
2143, 261, 3312
2144, 415, 196
2145, 320, 196
2146, 373, 196
2147, 235, 198
2148, 121, 554
2149, 219, 198
2150, 283, 198
2151, 158, 547
2152, 217, 2023
2153, 258, 4452
2154, 357, 2907
2155, 301, 5066
2156, 372, 201
2157, 224, 3127
2158, 318, 2930
2159, 251, 325
2160, 191, 1397
2161, 224, 211
2162, 271, 211
2163, 238, 211
2164, 267, 211
2165, 270, 2143
2166, 258, 211
2167, 172, 2070
2168, 186, 38
2169, 229, 38
2170, 232, 38
2171, 372, 226
2172, 364, 226
2173, 216, 2396
2174, 392, 226
2175, 262, 4295
2176, 253, 811
2177, 259, 341
2178, 362, 225
2179, 132, 2148
2180, 278, 225
2181, 169, 238
2182, 214, 238
2183, 204, 238
2184, 229, 1556
2185, 211, 238
2186, 227, 1402
2187, 269, 325
2188, 235, 241
2189, 261, 243
2190, 202, 191
2191, 280, 243
2192, 292, 243
2193, 153, 264
2194, 167, 264
2195, 327, 243
2196, 220, 2407
2197, 259, 4332
2198, 249, 3550
2199, 236, 1026
2200, 186, 2278
2201, 178, 4487
2202, 317, 5497
2203, 274, 1429
2204, 298, 78
2205, 274, 4176
2206, 101, 251
2207, 63, 251
2208, 109, 251
2209, 64, 251
2210, 105, 251
2211, 89, 252
2212, 135, 252
2213, 64, 252
2214, 113, 252
2215, 117, 252
2216, 98, 252
2217, 268, 229
2218, 224, 1766
2219, 316, 285
2220, 253, 4282
2221, 221, 1573
2222, 257, 1090
2223, 312, 645
2224, 141, 264
2225, 151, 264
2226, 205, 264
2227, 167, 264
2228, 121, 264
2229, 185, 2075
2230, 304, 1549
2231, 220, 2424
2232, 318, 267
2233, 293, 267
2234, 212, 2690
2235, 327, 280
2236, 249, 5214
2237, 133, 31
2238, 339, 3805
2239, 358, 284
2240, 171, 547
2241, 259, 455
2242, 362, 284
2243, 296, 285
2244, 219, 659
2245, 303, 288
2246, 323, 288
2247, 348, 4557
2248, 193, 3346
2249, 209, 5645
2250, 358, 299
2251, 321, 4403
2252, 322, 299
2253, 227, 412
2254, 188, 17
2255, 272, 303
2256, 465, 305
2257, 293, 3092
2258, 475, 305
2259, 245, 4121
2260, 302, 5982
2261, 229, 1424
2262, 295, 1620
2263, 319, 307
2264, 312, 5807
2265, 235, 307
2266, 226, 2868
2267, 463, 5824
2268, 255, 325
2269, 220, 2635
2270, 279, 325
2271, 278, 325
2272, 246, 741
2273, 266, 327
2274, 233, 2612
2275, 169, 3394
2276, 264, 3557
2277, 189, 326
2278, 166, 2225
2279, 212, 2607
2280, 257, 326
2281, 154, 2001
2282, 274, 326
2283, 198, 326
2284, 184, 326
2285, 182, 3818
2286, 206, 334
2287, 182, 334
2288, 161, 1945
2289, 285, 699
2290, 236, 341
2291, 208, 3027
2292, 161, 2281
2293, 182, 348
2294, 201, 348
2295, 198, 348
2296, 324, 4403
2297, 478, 349
2298, 229, 2375
2299, 347, 1637
2300, 232, 2474
2301, 347, 346
2302, 257, 346
2303, 242, 2322
2304, 229, 1589
2305, 178, 3117
2306, 226, 572
2307, 275, 346
2308, 206, 355
2309, 235, 355
2310, 203, 355
2311, 236, 355
2312, 205, 2997
2313, 225, 355
2314, 236, 355
2315, 341, 372
2316, 352, 372
2317, 271, 1923
2318, 383, 372
2319, 179, 335
2320, 304, 2343
2321, 171, 356
2322, 196, 356
2323, 225, 356
2324, 201, 356
2325, 212, 356
2326, 173, 356
2327, 171, 356
2328, 267, 350
2329, 333, 1354
2330, 272, 350
2331, 335, 350
2332, 177, 359
2333, 200, 1896
2334, 192, 359
2335, 180, 359
2336, 177, 359
2337, 190, 359
2338, 201, 5359
2339, 354, 385
2340, 305, 385
2341, 269, 3719
2342, 318, 385
2343, 252, 2614
2344, 246, 2870
2345, 224, 3220
2346, 338, 382
2347, 217, 3156
2348, 157, 5171
2349, 321, 3926
2350, 284, 2384
2351, 286, 382
2352, 269, 382
2353, 220, 387
2354, 232, 869
2355, 264, 387
2356, 230, 387
2357, 361, 3831
2358, 124, 2228
2359, 244, 1383
2360, 181, 2362
2361, 297, 4232
2362, 173, 1317
2363, 340, 386
2364, 280, 3919
2365, 235, 191
2366, 209, 1026
2367, 214, 191
2368, 215, 191
2369, 273, 191
2370, 235, 1766
2371, 220, 191
2372, 208, 191
2373, 251, 1721
2374, 177, 398
2375, 209, 398
2376, 161, 398
2377, 209, 1328
2378, 155, 398
2379, 160, 398
2380, 233, 398
2381, 160, 392
2382, 165, 392
2383, 144, 392
2384, 196, 392
2385, 181, 695
2386, 158, 392
2387, 230, 392
2388, 330, 193
2389, 295, 193
2390, 338, 193
2391, 278, 193
2392, 104, 873
2393, 251, 413
2394, 152, 422
2395, 148, 422
2396, 188, 422
2397, 135, 422
2398, 116, 422
2399, 134, 422
2400, 199, 422
2401, 151, 422
2402, 152, 422
2403, 229, 423
2404, 232, 423
2405, 215, 423
2406, 175, 423
2407, 159, 423
2408, 239, 423
2409, 194, 424
2410, 180, 424
2411, 243, 424
2412, 197, 2275
2413, 163, 424
2414, 190, 424
2415, 197, 424
2416, 179, 2201
2417, 389, 5976
2418, 127, 2075
2419, 195, 3117
2420, 296, 2384
2421, 328, 684
2422, 307, 3127
2423, 240, 4695
2424, 190, 2080
2425, 254, 4986
2426, 4294967295, 0
2427, 274, 3273
2428, 270, 955
2429, 289, 5106
2430, 274, 1721
2431, 286, 4459
2432, 298, 4194
2433, 170, 873
2434, 334, 416
2435, 400, 416
2436, 400, 416
2437, 319, 416
2438, 392, 416
2439, 313, 448
2440, 291, 448
2441, 273, 455
2442, 290, 455
2443, 192, 2358
2444, 291, 3363
2445, 348, 4793
2446, 327, 438
2447, 286, 509
2448, 210, 1328
2449, 255, 4896
2450, 365, 5921
2451, 157, 2133
2452, 254, 479
2453, 196, 4487
2454, 281, 479
2455, 268, 479
2456, 207, 1947
2457, 339, 479
2458, 298, 479
2459, 305, 479
2460, 315, 479
2461, 214, 2654
2462, 276, 1950
2463, 248, 4213
2464, 255, 490
2465, 219, 1243
2466, 251, 490
2467, 322, 418
2468, 312, 418
2469, 298, 418
2470, 223, 3260
2471, 212, 1027
2472, 131, 554
2473, 276, 496
2474, 221, 2115
2475, 265, 4839
2476, 186, 3163
2477, 263, 5939
2478, 314, 494
2479, 205, 3699
2480, 258, 136
2481, 270, 576
2482, 412, 475
2483, 418, 475
2484, 387, 475
2485, 327, 4378
2486, 259, 1946
2487, 337, 475
2488, 286, 509
2489, 213, 3985
2490, 218, 509
2491, 285, 507
2492, 289, 507
2493, 173, 1068
2494, 187, 1842
2495, 231, 874
2496, 233, 484
2497, 219, 2292
2498, 241, 2281
2499, 219, 1547
2500, 233, 2269
2501, 325, 533
2502, 239, 3615
2503, 331, 1346
2504, 204, 3615
2505, 510, 544
2506, 475, 577
2507, 236, 997
2508, 499, 544
2509, 455, 544
2510, 419, 544
2511, 445, 5075
2512, 483, 544
2513, 475, 544
2514, 187, 547
2515, 187, 547
2516, 258, 3224
2517, 184, 864
2518, 240, 551
2519, 226, 3781
2520, 301, 573
2521, 259, 571
2522, 284, 571
2523, 236, 4122
2524, 183, 31
2525, 326, 989
2526, 503, 577
2527, 329, 867
2528, 208, 2336
2529, 321, 3967
2530, 306, 579
2531, 339, 2460
2532, 266, 3033
2533, 327, 579
2534, 289, 541
2535, 272, 4245
2536, 294, 582
2537, 218, 4191
2538, 226, 3465
2539, 306, 3943
2540, 235, 3156
2541, 323, 2826
2542, 343, 580
2543, 311, 3106
2544, 315, 1143
2545, 257, 1943
2546, 222, 2181
2547, 178, 889
2548, 215, 1675
2549, 280, 613
2550, 270, 767
2551, 191, 2399
2552, 131, 2228
2553, 194, 2581
2554, 211, 2997
2555, 259, 606
2556, 283, 606
2557, 263, 606
2558, 215, 4689
2559, 330, 654
2560, 403, 610
2561, 243, 1366
2562, 254, 2974
2563, 192, 2407
2564, 233, 4208
2565, 447, 655
2566, 229, 3259
2567, 431, 655
2568, 281, 4360
2569, 263, 4733
2570, 224, 4459
2571, 286, 4060
2572, 263, 1866
2573, 320, 652
2574, 248, 1168
2575, 293, 3220
2576, 210, 659
2577, 247, 659
2578, 231, 667
2579, 164, 667
2580, 243, 667
2581, 151, 873
2582, 225, 563
2583, 202, 5404
2584, 214, 563
2585, 242, 1675
2586, 347, 682
2587, 253, 686
2588, 255, 686
2589, 235, 686
2590, 275, 686
2591, 315, 686
2592, 196, 3981
2593, 166, 3140
2594, 270, 695
2595, 214, 2070
2596, 259, 695
2597, 242, 697
2598, 164, 697
2599, 223, 697
2600, 212, 697
2601, 219, 697
2602, 227, 2080
2603, 218, 693
2604, 209, 693
2605, 192, 693
2606, 249, 693
2607, 165, 693
2608, 252, 693
2609, 212, 693
2610, 188, 693
2611, 242, 699
2612, 222, 1027
2613, 230, 699
2614, 190, 700
2615, 226, 700
2616, 190, 700
2617, 189, 700
2618, 222, 700
2619, 246, 700
2620, 192, 700
2621, 200, 2043
2622, 377, 5830
2623, 370, 704
2624, 133, 918
2625, 235, 5677
2626, 315, 705
2627, 284, 3009
2628, 260, 3011
2629, 301, 3355
2630, 98, 31
2631, 272, 684
2632, 248, 684
2633, 258, 5294
2634, 201, 703
2635, 191, 703
2636, 186, 703
2637, 218, 703
2638, 235, 703
2639, 175, 703
2640, 162, 703
2641, 242, 4070
2642, 278, 3822
2643, 218, 1675
2644, 235, 707
2645, 261, 4152
2646, 220, 2181
2647, 297, 715
2648, 271, 2164
2649, 288, 4058
2650, 216, 3699
2651, 267, 732
2652, 197, 928
2653, 160, 2080
2654, 197, 2617
2655, 240, 731
2656, 268, 731
2657, 279, 1137
2658, 203, 5404
2659, 370, 737
2660, 236, 2654
2661, 219, 2489
2662, 147, 1402
2663, 222, 1243
2664, 249, 739
2665, 212, 739
2666, 204, 2362
2667, 248, 2309
2668, 250, 747
2669, 330, 2351
2670, 180, 769
2671, 251, 1338
2672, 248, 747
2673, 235, 2221
2674, 367, 750
2675, 368, 750
2676, 311, 750
2677, 260, 3228
2678, 272, 742
2679, 257, 742
2680, 290, 742
2681, 247, 742
2682, 300, 742
2683, 233, 1173
2684, 280, 2049
2685, 378, 734
2686, 341, 963
2687, 202, 760
2688, 225, 760
2689, 236, 771
2690, 187, 1287
2691, 274, 767
2692, 330, 767
2693, 296, 1030
2694, 257, 767
2695, 239, 3312
2696, 315, 767
2697, 221, 2181
2698, 223, 766
2699, 257, 766
2700, 181, 769
2701, 232, 769
2702, 241, 769
2703, 243, 769
2704, 250, 769
2705, 231, 3524
2706, 275, 771
2707, 260, 759
2708, 248, 759
2709, 230, 4280
2710, 196, 759
2711, 271, 759
2712, 226, 759
2713, 327, 722
2714, 363, 786
2715, 357, 786
2716, 264, 5589
2717, 338, 3890
2718, 314, 786
2719, 145, 2237
2720, 235, 2086
2721, 256, 741
2722, 205, 1749
2723, 225, 3337
2724, 225, 801
2725, 273, 801
2726, 234, 3235
2727, 320, 801
2728, 275, 2023
2729, 200, 3260
2730, 243, 811
2731, 286, 811
2732, 225, 811
2733, 209, 2225
2734, 222, 821
2735, 185, 821
2736, 141, 821
2737, 225, 821
2738, 218, 805
2739, 205, 805
2740, 313, 863
2741, 304, 863
2742, 341, 863
2743, 294, 1749
2744, 234, 864
2745, 194, 864
2746, 174, 3140
2747, 179, 864
2748, 181, 852
2749, 233, 852
2750, 193, 852
2751, 240, 852
2752, 190, 852
2753, 250, 869
2754, 255, 869
2755, 202, 869
2756, 153, 873
2757, 181, 873
2758, 145, 873
2759, 175, 873
2760, 178, 873
2761, 202, 17
2762, 184, 874
2763, 290, 866
2764, 238, 2048
2765, 229, 866
2766, 209, 1782
2767, 242, 988
2768, 218, 3699
2769, 211, 4967
2770, 289, 867
2771, 324, 881
2772, 182, 4635
2773, 302, 3200
2774, 293, 882
2775, 349, 887
2776, 230, 1333
2777, 217, 6251
2778, 223, 2870
2779, 207, 4896
2780, 305, 902
2781, 248, 3933
2782, 336, 902
2783, 234, 2086
2784, 303, 4643
2785, 219, 898
2786, 231, 1338
2787, 196, 1867
2788, 283, 2678
2789, 214, 2237
2790, 265, 908
2791, 253, 1026
2792, 147, 2398
2793, 341, 904
2794, 245, 2709
2795, 280, 3408
2796, 221, 2461
2797, 239, 1168
2798, 230, 910
2799, 178, 2336
2800, 291, 910
2801, 287, 910
2802, 240, 910
2803, 257, 5418
2804, 268, 907
2805, 194, 2115
2806, 279, 907
2807, 279, 907
2808, 165, 4180
2809, 147, 922
2810, 242, 922
2811, 235, 922
2812, 217, 922
2813, 162, 922
2814, 158, 922
2815, 195, 922
2816, 202, 922
2817, 152, 922
2818, 125, 918
2819, 136, 918
2820, 161, 918
2821, 265, 926
2822, 258, 1548
2823, 201, 926
2824, 4294967295, 0
2825, 261, 3350
2826, 303, 3566
2827, 4294967295, 0
2828, 348, 1413
2829, 327, 3503
2830, 4294967295, 0
2831, 4294967295, 0
2832, 4294967295, 0
2833, 297, 4057
2834, 4294967295, 0
2835, 4294967295, 0
2836, 398, 1743
2837, 275, 955
2838, 226, 2424
2839, 159, 2392
2840, 183, 977
2841, 252, 955
2842, 192, 2424
2843, 277, 2554
2844, 296, 1158
2845, 4294967295, 0
2846, 299, 945
2847, 280, 5214
2848, 249, 2285
2849, 177, 1027
2850, 249, 1698
2851, 330, 963
2852, 276, 2048
2853, 253, 963
2854, 250, 1529
2855, 325, 967
2856, 379, 967
2857, 309, 5035
2858, 185, 2997
2859, 187, 1027
2860, 299, 967
2861, 169, 2974
2862, 226, 972
2863, 293, 972
2864, 261, 972
2865, 196, 977
2866, 170, 977
2867, 183, 977
2868, 160, 977
2869, 144, 4159
2870, 159, 977
2871, 232, 1333
2872, 251, 965
2873, 301, 965
2874, 293, 1276
2875, 250, 4619
2876, 236, 965
2877, 366, 978
2878, 300, 1969
2879, 318, 978
2880, 163, 1644
2881, 303, 2680
2882, 389, 978
2883, 292, 981
2884, 256, 1533
2885, 228, 5030
2886, 267, 981
2887, 298, 988
2888, 296, 3149
2889, 281, 988
2890, 323, 989
2891, 228, 989
2892, 260, 5224
2893, 236, 49
2894, 241, 989
2895, 302, 989
2896, 274, 989
2897, 239, 1415
2898, 230, 3117
2899, 253, 998
2900, 322, 998
2901, 258, 4062
2902, 303, 997
2903, 264, 1004
2904, 241, 1390
2905, 300, 1004
2906, 215, 4438
2907, 334, 773
2908, 311, 1005
2909, 315, 1005
2910, 354, 1005
2911, 232, 2710
2912, 253, 4043
2913, 388, 1013
2914, 289, 1987
2915, 450, 1013
2916, 211, 2952
2917, 359, 1015
2918, 220, 3429
2919, 406, 1015
2920, 306, 1010
2921, 334, 1010
2922, 301, 1010
2923, 234, 2337
2924, 358, 1010
2925, 310, 1010
2926, 293, 1019
2927, 216, 5315
2928, 259, 1019
2929, 286, 1019
2930, 231, 1019
2931, 195, 2868
2932, 303, 1942
2933, 201, 3930
2934, 308, 1001
2935, 211, 3228
2936, 233, 3228
2937, 251, 1026
2938, 231, 1026
2939, 273, 1026
2940, 276, 2199
2941, 161, 2868
2942, 287, 3903
2943, 202, 2201
2944, 312, 1289
2945, 309, 1030
2946, 305, 1030
2947, 266, 1030
2948, 217, 2710
2949, 288, 4891
2950, 332, 1030
2951, 210, 889
2952, 190, 2735
2953, 157, 1027
2954, 211, 1027
2955, 247, 3312
2956, 290, 1039
2957, 335, 1039
2958, 323, 1039
2959, 308, 892
2960, 321, 892
2961, 204, 4516
2962, 298, 1040
2963, 280, 1040
2964, 230, 1383
2965, 228, 4569
2966, 143, 2070
2967, 305, 1040
2968, 337, 1055
2969, 361, 1055
2970, 325, 1055
2971, 182, 3791
2972, 142, 1068
2973, 156, 1068
2974, 158, 1068
2975, 213, 1070
2976, 265, 1067
2977, 178, 1067
2978, 256, 6039
2979, 296, 1081
2980, 326, 1698
2981, 244, 2201
2982, 273, 3822
2983, 374, 1081
2984, 254, 1086
2985, 292, 1086
2986, 247, 1086
2987, 468, 1063
2988, 452, 1063
2989, 472, 1063
2990, 469, 1063
2991, 367, 6049
2992, 437, 2828
2993, 219, 1772
2994, 250, 3174
2995, 232, 2244
2996, 202, 1118
2997, 176, 1118
2998, 211, 1118
2999, 262, 1118
3000, 267, 1118
3001, 224, 1118
3002, 67, 7
3003, 300, 4010
3004, 183, 4191
3005, 305, 1137
3006, 200, 1675
3007, 270, 2702
3008, 309, 1137
3009, 231, 1139
3010, 198, 2043
3011, 226, 1139
3012, 264, 1139
3013, 275, 1139
3014, 181, 3259
3015, 308, 3479
3016, 217, 3063
3017, 211, 2866
3018, 355, 1344
3019, 144, 2398
3020, 348, 3742
3021, 258, 5211
3022, 280, 3627
3023, 155, 1669
3024, 277, 1141
3025, 215, 1141
3026, 185, 1141
3027, 201, 1141
3028, 260, 982
3029, 262, 412
3030, 286, 982
3031, 318, 982
3032, 231, 1143
3033, 252, 1143
3034, 312, 2345
3035, 329, 5052
3036, 396, 1155
3037, 416, 1155
3038, 271, 6251
3039, 237, 2049
3040, 327, 1158
3041, 330, 1158
3042, 385, 1158
3043, 308, 1158
3044, 436, 1011
3045, 252, 1168
3046, 213, 5677
3047, 255, 1168
3048, 263, 1168
3049, 274, 1168
3050, 284, 1974
3051, 355, 1924
3052, 305, 5147
3053, 275, 2615
3054, 366, 4892
3055, 228, 2080
3056, 247, 3010
3057, 241, 2500
3058, 237, 4062
3059, 195, 2396
3060, 249, 1198
3061, 249, 1198
3062, 285, 1198
3063, 203, 1198
3064, 279, 1198
3065, 225, 49
3066, 157, 175
3067, 295, 3374
3068, 4294967295, 0
3069, 282, 5030
3070, 232, 1946
3071, 362, 2420
3072, 4294967295, 0
3073, 4294967295, 0
3074, 4294967295, 0
3075, 4294967295, 0
3076, 305, 1380
3077, 282, 5827
3078, 4294967295, 0
3079, 182, 1212
3080, 269, 1212
3081, 274, 4280
3082, 289, 1377
3083, 235, 1217
3084, 237, 3738
3085, 382, 1229
3086, 303, 1765
3087, 292, 4583
3088, 331, 1229
3089, 279, 1232
3090, 338, 1232
3091, 315, 1232
3092, 276, 1232
3093, 185, 1441
3094, 297, 3658
3095, 229, 4324
3096, 223, 2333
3097, 281, 2314
3098, 277, 3926
3099, 4294967295, 0
3100, 428, 1687
3101, 4294967295, 0
3102, 279, 2337
3103, 4294967295, 0
3104, 277, 3045
3105, 226, 1377
3106, 238, 1243
3107, 210, 1243
3108, 285, 1243
3109, 132, 5175
3110, 251, 1090
3111, 267, 1090
3112, 251, 2375
3113, 266, 2343
3114, 272, 2524
3115, 222, 3616
3116, 221, 1255
3117, 158, 2719
3118, 361, 1258
3119, 251, 2823
3120, 191, 1273
3121, 225, 1273
3122, 266, 1273
3123, 193, 1273
3124, 186, 1273
3125, 263, 5615
3126, 228, 1273
3127, 217, 1273
3128, 313, 1276
3129, 249, 2498
3130, 361, 1279
3131, 316, 1279
3132, 193, 3364
3133, 265, 1281
3134, 128, 2148
3135, 314, 1281
3136, 179, 2336
3137, 147, 1287
3138, 148, 1287
3139, 147, 1287
3140, 112, 1287
3141, 194, 1287
3142, 262, 5200
3143, 250, 1289
3144, 226, 1289
3145, 225, 1289
3146, 169, 3137
3147, 179, 17
3148, 377, 1126
3149, 208, 2048
3150, 225, 1305
3151, 251, 1305
3152, 249, 1305
3153, 202, 4122
3154, 340, 1276
3155, 350, 1276
3156, 185, 2866
3157, 276, 1276
3158, 216, 1133
3159, 264, 1318
3160, 311, 1318
3161, 305, 1318
3162, 173, 1644
3163, 178, 1317
3164, 156, 1317
3165, 154, 1317
3166, 158, 1317
3167, 184, 1317
3168, 164, 1317
3169, 220, 1328
3170, 219, 1534
3171, 194, 1328
3172, 246, 2377
3173, 202, 1328
3174, 201, 1328
3175, 273, 1333
3176, 323, 1333
3177, 263, 1333
3178, 215, 1338
3179, 258, 1338
3180, 431, 1146
3181, 363, 4255
3182, 4294967295, 0
3183, 4294967295, 0
3184, 246, 2345
3185, 208, 3791
3186, 372, 1344
3187, 227, 1441
3188, 242, 2906
3189, 291, 4381
3190, 326, 6165
3191, 301, 1025
3192, 268, 1326
3193, 257, 1326
3194, 219, 1397
3195, 328, 1343
3196, 123, 2148
3197, 292, 1765
3198, 354, 1343
3199, 234, 1323
3200, 289, 1323
3201, 254, 1323
3202, 332, 1354
3203, 397, 1354
3204, 263, 2181
3205, 189, 2201
3206, 291, 1359
3207, 244, 4487
3208, 365, 1359
3209, 311, 1365
3210, 314, 1365
3211, 271, 3310
3212, 250, 4360
3213, 235, 3998
3214, 232, 1366
3215, 225, 412
3216, 134, 1669
3217, 245, 1366
3218, 231, 1367
3219, 269, 1369
3220, 215, 2237
3221, 238, 3025
3222, 294, 1369
3223, 373, 3393
3224, 233, 1377
3225, 279, 1377
3226, 243, 1377
3227, 225, 4633
3228, 173, 2079
3229, 273, 2411
3230, 213, 1390
3231, 249, 1390
3232, 197, 2614
3233, 198, 1390
3234, 287, 1390
3235, 200, 2225
3236, 268, 1380
3237, 312, 1361
3238, 299, 1361
3239, 348, 1361
3240, 296, 1361
3241, 276, 1699
3242, 296, 2961
3243, 240, 3327
3244, 380, 2991
3245, 220, 4967
3246, 4294967295, 0
3247, 235, 2871
3248, 238, 1385
3249, 227, 3819
3250, 260, 4242
3251, 226, 1385
3252, 265, 1385
3253, 255, 1385
3254, 321, 1401
3255, 322, 1401
3256, 268, 1943
3257, 257, 5925
3258, 158, 1402
3259, 154, 1402
3260, 170, 1402
3261, 204, 1402
3262, 325, 1400
3263, 324, 1400
3264, 366, 1400
3265, 383, 1400
3266, 232, 3558
3267, 376, 1400
3268, 325, 1400
3269, 310, 3796
3270, 374, 1413
3271, 239, 3881
3272, 243, 1415
3273, 178, 1740
3274, 297, 1404
3275, 189, 1724
3276, 277, 2804
3277, 342, 4833
3278, 363, 1404
3279, 328, 2678
3280, 256, 2562
3281, 243, 1396
3282, 205, 1534
3283, 129, 554
3284, 222, 1424
3285, 303, 1424
3286, 263, 1424
3287, 209, 1424
3288, 265, 1397
3289, 225, 1397
3290, 152, 4728
3291, 290, 1438
3292, 236, 5677
3293, 296, 1438
3294, 377, 1438
3295, 306, 1429
3296, 219, 2281
3297, 281, 1429
3298, 148, 6071
3299, 258, 1441
3300, 223, 1441
3301, 213, 1441
3302, 439, 1440
3303, 390, 3407
3304, 233, 4206
3305, 311, 6152
3306, 235, 411
3307, 264, 1454
3308, 265, 1454
3309, 178, 1454
3310, 233, 2635
3311, 263, 1459
3312, 204, 554
3313, 280, 1466
3314, 283, 1466
3315, 272, 1466
3316, 272, 1466
3317, 349, 1476
3318, 238, 4176
3319, 204, 2201
3320, 377, 1476
3321, 375, 1476
3322, 281, 1476
3323, 212, 1228
3324, 545, 1484
3325, 250, 6039
3326, 290, 3281
3327, 214, 4487
3328, 166, 2399
3329, 186, 1522
3330, 299, 1529
3331, 281, 3930
3332, 256, 1529
3333, 267, 1529
3334, 196, 3364
3335, 216, 1535
3336, 213, 2001
3337, 177, 146
3338, 285, 1544
3339, 294, 1544
3340, 307, 1544
3341, 190, 1890
3342, 182, 1547
3343, 197, 1547
3344, 143, 175
3345, 250, 1547
3346, 169, 1547
3347, 304, 1541
3348, 333, 5227
3349, 212, 3893
3350, 242, 2087
3351, 297, 5202
3352, 302, 4539
3353, 4294967295, 0
3354, 194, 2228
3355, 287, 3866
3356, 384, 5082
3357, 174, 2376
3358, 319, 3256
3359, 236, 5763
3360, 281, 1548
3361, 322, 1548
3362, 237, 2639
3363, 247, 1548
3364, 118, 3140
3365, 247, 2115
3366, 221, 1589
3367, 272, 1589
3368, 245, 1589
3369, 309, 1590
3370, 356, 5156
3371, 255, 3838
3372, 290, 4146
3373, 249, 1556
3374, 269, 1556
3375, 228, 2868
3376, 212, 1573
3377, 266, 2014
3378, 374, 5855
3379, 294, 1626
3380, 339, 1626
3381, 298, 1626
3382, 323, 1620
3383, 274, 1620
3384, 299, 2361
3385, 211, 2614
3386, 228, 3471
3387, 316, 1637
3388, 307, 1637
3389, 323, 1636
3390, 345, 1636
3391, 271, 1636
3392, 253, 1881
3393, 351, 1636
3394, 139, 1644
3395, 144, 1644
3396, 4294967295, 0
3397, 255, 4551
3398, 4294967295, 0
3399, 262, 1651
3400, 341, 1651
3401, 246, 1651
3402, 281, 5083
3403, 207, 1653
3404, 229, 4010
3405, 312, 2578
3406, 344, 1654
3407, 346, 5066
3408, 206, 1573
3409, 248, 2634
3410, 261, 2134
3411, 360, 1658
3412, 338, 1659
3413, 140, 1669
3414, 173, 1669
3415, 210, 1669
3416, 212, 1669
3417, 162, 1669
3418, 186, 1669
3419, 197, 1675
3420, 223, 1675
3421, 199, 3341
3422, 252, 1675
3423, 225, 2612
3424, 286, 1675
3425, 265, 1675
3426, 268, 1675
3427, 261, 1675
3428, 280, 1675
3429, 197, 1675
3430, 213, 1675
3431, 289, 1675
3432, 207, 1675
3433, 229, 1675
3434, 249, 1675
3435, 238, 1675
3436, 264, 1675
3437, 275, 1675
3438, 290, 1675
3439, 303, 2420
3440, 268, 5285
3441, 292, 3531
3442, 175, 2451
3443, 477, 1694
3444, 444, 1694
3445, 439, 1694
3446, 324, 3451
3447, 401, 1694
3448, 221, 2080
3449, 490, 1673
3450, 313, 1698
3451, 261, 1698
3452, 259, 4864
3453, 177, 5171
3454, 305, 1698
3455, 256, 1700
3456, 297, 1700
3457, 244, 3178
3458, 280, 1700
3459, 325, 726
3460, 227, 5007
3461, 220, 3982
3462, 310, 4301
3463, 242, 1699
3464, 250, 1699
3465, 150, 2039
3466, 293, 1699
3467, 294, 1699
3468, 268, 1703
3469, 277, 3587
3470, 321, 4628
3471, 224, 2735
3472, 4294967295, 0
3473, 218, 4235
3474, 4294967295, 0
3475, 267, 4739
3476, 252, 1721
3477, 356, 1707
3478, 296, 1707
3479, 255, 1881
3480, 347, 1707
3481, 352, 1707
3482, 358, 1707
3483, 276, 1707
3484, 255, 2761
3485, 268, 2871
3486, 254, 1717
3487, 202, 1724
3488, 244, 1724
3489, 208, 3156
3490, 192, 1724
3491, 293, 958
3492, 280, 1733
3493, 310, 1733
3494, 271, 1733
3495, 271, 1733
3496, 297, 1733
3497, 257, 1740
3498, 233, 1740
3499, 251, 1740
3500, 462, 1743
3501, 212, 706
3502, 410, 1743
3503, 261, 5029
3504, 266, 4739
3505, 4294967295, 0
3506, 272, 1749
3507, 267, 1749
3508, 281, 1749
3509, 203, 6252
3510, 259, 1750
3511, 303, 4441
3512, 230, 1750
3513, 466, 1751
3514, 506, 1751
3515, 243, 1943
3516, 292, 3038
3517, 246, 1752
3518, 305, 1752
3519, 238, 1969
3520, 429, 1758
3521, 412, 1758
3522, 487, 1758
3523, 302, 3742
3524, 219, 3966
3525, 419, 1758
3526, 326, 4215
3527, 387, 1765
3528, 391, 1737
3529, 327, 1737
3530, 204, 2494
3531, 215, 5788
3532, 235, 1782
3533, 298, 1780
3534, 245, 1780
3535, 243, 1780
3536, 320, 1792
3537, 311, 1792
3538, 250, 2324
3539, 271, 5608
3540, 281, 1792
3541, 4294967295, 0
3542, 318, 1811
3543, 262, 3863
3544, 260, 1811
3545, 254, 1811
3546, 312, 1814
3547, 237, 2345
3548, 316, 1814
3549, 262, 1969
3550, 228, 2360
3551, 145, 2060
3552, 263, 4721
3553, 201, 4896
3554, 254, 1984
3555, 304, 2504
3556, 399, 1818
3557, 243, 3981
3558, 197, 2617
3559, 365, 1820
3560, 337, 1820
3561, 344, 1820
3562, 312, 4143
3563, 207, 4176
3564, 336, 3038
3565, 272, 2343
3566, 253, 2343
3567, 348, 1819
3568, 255, 1831
3569, 179, 2281
3570, 205, 3063
3571, 321, 5680
3572, 293, 1670
3573, 347, 1843
3574, 278, 2014
3575, 334, 1843
3576, 232, 2653
3577, 213, 1842
3578, 220, 1842
3579, 280, 1842
3580, 276, 1842
3581, 238, 2007
3582, 228, 1842
3583, 277, 3524
3584, 371, 1832
3585, 264, 1844
3586, 188, 2075
3587, 273, 6062
3588, 297, 1844
3589, 283, 2221
3590, 187, 335
3591, 4294967295, 0
3592, 4294967295, 0
3593, 239, 49
3594, 237, 2094
3595, 184, 2115
3596, 139, 5175
3597, 247, 1850
3598, 288, 1850
3599, 279, 1854
3600, 286, 3797
3601, 262, 3260
3602, 333, 1854
3603, 274, 1854
3604, 294, 1854
3605, 341, 3257
3606, 313, 1859
3607, 243, 2597
3608, 232, 2646
3609, 289, 3060
3610, 4294967295, 0
3611, 4294967295, 0
3612, 214, 3921
3613, 267, 2723
3614, 265, 3568
3615, 189, 1867
3616, 209, 1867
3617, 138, 4438
3618, 197, 1867
3619, 198, 17
3620, 256, 4208
3621, 348, 1872
3622, 316, 1872
3623, 343, 1872
3624, 339, 1882
3625, 285, 3998
3626, 217, 2360
3627, 265, 1882
3628, 317, 1882
3629, 229, 2952
3630, 310, 1880
3631, 289, 1880
3632, 238, 3991
3633, 310, 1881
3634, 294, 1881
3635, 217, 4438
3636, 260, 4566
3637, 113, 31
3638, 292, 1889
3639, 228, 1890
3640, 230, 1890
3641, 269, 1890
3642, 193, 1890
3643, 244, 1890
3644, 273, 1890
3645, 252, 1890
3646, 237, 1890
3647, 203, 1890
3648, 266, 1890
3649, 211, 1890
3650, 244, 1890
3651, 201, 1890
3652, 278, 1890
3653, 269, 1890
3654, 193, 1890
3655, 213, 1890
3656, 258, 1890
3657, 241, 1890
3658, 253, 1890
3659, 199, 1890
3660, 147, 3394
3661, 197, 1890
3662, 242, 1890
3663, 219, 1890
3664, 215, 1890
3665, 218, 1890
3666, 216, 1890
3667, 217, 1890
3668, 273, 1890
3669, 251, 1691
3670, 228, 1230
3671, 245, 3531
3672, 189, 1896
3673, 473, 1883
3674, 291, 3531
3675, 190, 2053
3676, 216, 1866
3677, 212, 4433
3678, 251, 1896
3679, 182, 1896
3680, 253, 1766
3681, 189, 1766
3682, 237, 4215
3683, 264, 1917
3684, 212, 2554
3685, 263, 1920
3686, 308, 1920
3687, 132, 3140
3688, 293, 1922
3689, 302, 1922
3690, 285, 1922
3691, 335, 1922
3692, 273, 1922
3693, 269, 1923
3694, 250, 1923
3695, 220, 1923
3696, 270, 1926
3697, 300, 2199
3698, 279, 3080
3699, 202, 4300
3700, 255, 1787
3701, 287, 1787
3702, 287, 1787
3703, 331, 1930
3704, 292, 1930
3705, 274, 2500
3706, 275, 3014
3707, 353, 1930
3708, 279, 1941
3709, 286, 1987
3710, 296, 2683
3711, 262, 1941
3712, 250, 1941
3713, 278, 2017
3714, 183, 4487
3715, 182, 175
3716, 237, 1943
3717, 255, 3408
3718, 254, 1942
3719, 224, 2451
3720, 257, 1942
3721, 169, 2398
3722, 168, 1945
3723, 201, 1945
3724, 195, 1945
3725, 293, 1946
3726, 274, 1958
3727, 178, 1947
3728, 223, 1947
3729, 210, 1947
3730, 174, 1947
3731, 184, 1947
3732, 200, 1947
3733, 239, 1968
3734, 260, 1968
3735, 199, 2451
3736, 249, 1968
3737, 282, 4442
3738, 195, 4081
3739, 307, 1971
3740, 291, 3016
3741, 277, 2068
3742, 287, 1973
3743, 224, 2338
3744, 264, 1974
3745, 332, 1974
3746, 237, 1974
3747, 253, 1974
3748, 262, 1974
3749, 245, 2974
3750, 281, 1972
3751, 275, 1972
3752, 211, 2324
3753, 271, 1972
3754, 307, 1969
3755, 249, 1969
3756, 252, 1969
3757, 290, 1969
3758, 303, 1981
3759, 140, 4159
3760, 287, 1981
3761, 332, 1981
3762, 330, 1981
3763, 276, 1981
3764, 247, 2286
3765, 398, 5565
3766, 323, 1996
3767, 235, 2654
3768, 249, 2275
3769, 253, 2093
3770, 390, 1998
3771, 176, 2001
3772, 192, 2001
3773, 298, 2003
3774, 309, 2003
3775, 214, 2504
3776, 341, 2003
3777, 197, 4516
3778, 301, 5504
3779, 264, 3943
3780, 305, 4676
3781, 192, 1173
3782, 268, 1994
3783, 267, 1994
3784, 292, 1994
3785, 287, 2007
3786, 201, 4159
3787, 310, 2007
3788, 287, 2007
3789, 249, 2007
3790, 296, 2014
3791, 170, 2288
3792, 356, 2014
3793, 351, 2014
3794, 234, 2024
3795, 293, 2024
3796, 246, 2024
3797, 216, 2023
3798, 243, 2269
3799, 283, 1862
3800, 335, 1862
3801, 180, 5171
3802, 317, 1862
3803, 325, 1862
3804, 289, 4902
3805, 318, 1862
3806, 287, 3033
3807, 237, 4739
3808, 245, 4191
3809, 302, 2017
3810, 322, 2017
3811, 297, 2017
3812, 233, 2048
3813, 165, 2398
3814, 314, 2049
3815, 219, 3259
3816, 306, 2049
3817, 156, 2043
3818, 168, 2043
3819, 201, 2043
3820, 171, 2043
3821, 178, 2043
3822, 205, 3699
3823, 253, 2050
3824, 197, 2050
3825, 158, 2050
3826, 206, 3120
3827, 235, 2053
3828, 291, 2055
3829, 223, 4033
3830, 287, 2055
3831, 307, 2055
3832, 343, 2055
3833, 259, 3056
3834, 231, 2070
3835, 231, 2070
3836, 201, 2070
3837, 180, 2070
3838, 170, 2075
3839, 179, 2080
3840, 176, 2080
3841, 144, 2080
3842, 304, 2086
3843, 212, 4324
3844, 292, 2086
3845, 296, 2086
3846, 203, 5175
3847, 289, 2087
3848, 252, 2681
3849, 185, 175
3850, 236, 3781
3851, 175, 2079
3852, 197, 2079
3853, 189, 2079
3854, 236, 2079
3855, 232, 2948
3856, 228, 3558
3857, 319, 2092
3858, 278, 2092
3859, 236, 4280
3860, 255, 2094
3861, 217, 4344
3862, 225, 2133
3863, 222, 2093
3864, 305, 2091
3865, 192, 1173
3866, 249, 2091
3867, 377, 1924
3868, 209, 2112
3869, 241, 2102
3870, 260, 2102
3871, 280, 2102
3872, 245, 2102
3873, 318, 2102
3874, 161, 31
3875, 284, 2116
3876, 286, 2116
3877, 288, 2116
3878, 311, 2116
3879, 254, 2068
3880, 203, 2133
3881, 220, 2133
3882, 239, 2757
3883, 265, 2134
3884, 301, 2134
3885, 264, 2134
3886, 182, 2115
3887, 255, 2115
3888, 558, 2136
3889, 294, 2143
3890, 286, 3716
3891, 163, 2148
3892, 218, 2148
3893, 210, 2148
3894, 182, 2148
3895, 162, 2148
3896, 265, 4193
3897, 257, 2634
3898, 409, 2158
3899, 401, 2158
3900, 263, 5063
3901, 342, 2145
3902, 339, 2145
3903, 247, 2614
3904, 326, 4107
3905, 301, 1223
3906, 294, 2961
3907, 255, 2794
3908, 221, 3228
3909, 345, 2153
3910, 261, 2153
3911, 309, 2153
3912, 322, 5211
3913, 344, 2718
3914, 237, 2193
3915, 173, 2193
3916, 291, 3102
3917, 239, 4469
3918, 327, 3033
3919, 241, 2199
3920, 335, 2199
3921, 210, 2399
3922, 255, 3670
3923, 318, 2184
3924, 274, 2184
3925, 301, 2184
3926, 254, 5417
3927, 258, 2463
3928, 229, 2201
3929, 225, 4694
3930, 194, 2866
3931, 243, 2225
3932, 239, 2225
3933, 238, 2226
3934, 216, 2228
3935, 143, 2228
3936, 146, 2228
3937, 213, 2228
3938, 247, 2231
3939, 227, 2231
3940, 238, 2231
3941, 288, 2231
3942, 252, 3120
3943, 234, 2244
3944, 258, 2244
3945, 265, 2244
3946, 236, 2748
3947, 351, 2241
3948, 325, 6070
3949, 248, 2253
3950, 298, 2253
3951, 259, 2612
3952, 262, 2269
3953, 289, 2596
3954, 261, 2269
3955, 239, 2269
3956, 237, 5980
3957, 280, 2269
3958, 208, 2275
3959, 239, 2275
3960, 214, 2275
3961, 221, 2275
3962, 244, 2281
3963, 236, 2281
3964, 266, 2279
3965, 288, 2279
3966, 174, 3346
3967, 237, 2279
3968, 187, 2278
3969, 243, 2278
3970, 221, 2278
3971, 194, 2288
3972, 186, 2288
3973, 177, 2288
3974, 173, 2288
3975, 234, 2288
3976, 217, 2288
3977, 186, 2288
3978, 180, 2288
3979, 246, 2285
3980, 259, 2285
3981, 180, 3273
3982, 202, 2292
3983, 204, 2292
3984, 196, 2292
3985, 211, 2293
3986, 207, 2293
3987, 357, 2296
3988, 277, 3985
3989, 304, 2069
3990, 311, 2069
3991, 234, 6252
3992, 271, 5763
3993, 263, 3747
3994, 269, 3327
3995, 253, 2523
3996, 317, 2300
3997, 269, 3312
3998, 217, 49
3999, 220, 49
4000, 354, 2315
4001, 230, 2345
4002, 197, 3715
4003, 390, 2315
4004, 206, 2396
4005, 259, 2309
4006, 257, 2309
4007, 279, 4285
4008, 457, 2318
4009, 205, 3654
4010, 225, 3232
4011, 417, 2318
4012, 275, 3046
4013, 327, 5373
4014, 231, 2322
4015, 207, 2322
4016, 255, 2322
4017, 255, 2322
4018, 237, 2322
4019, 270, 2322
4020, 228, 3429
4021, 278, 2325
4022, 262, 2325
4023, 276, 2325
4024, 283, 2325
4025, 216, 2325
4026, 237, 2325
4027, 386, 2329
4028, 310, 2428
4029, 418, 2329
4030, 210, 2333
4031, 224, 2332
4032, 240, 4295
4033, 202, 2332
4034, 250, 2347
4035, 283, 2356
4036, 277, 4334
4037, 235, 2356
4038, 253, 2356
4039, 356, 2352
4040, 289, 2352
4041, 219, 5276
4042, 322, 2345
4043, 213, 3341
4044, 232, 2461
4045, 194, 2362
4046, 268, 2362
4047, 235, 2362
4048, 212, 2362
4049, 183, 2362
4050, 352, 2364
4051, 327, 2875
4052, 325, 2364
4053, 189, 2360
4054, 249, 2360
4055, 196, 2360
4056, 180, 2358
4057, 251, 2375
4058, 225, 2375
4059, 244, 2375
4060, 271, 2375
4061, 222, 2375
4062, 234, 2375
4063, 183, 3839
4064, 244, 2377
4065, 185, 2376
4066, 172, 2381
4067, 216, 2381
4068, 181, 4159
4069, 242, 2384
4070, 237, 2384
4071, 219, 4208
4072, 312, 4242
4073, 363, 2388
4074, 280, 2657
4075, 279, 3179
4076, 308, 2391
4077, 226, 5645
4078, 336, 4308
4079, 364, 2391
4080, 135, 2392
4081, 128, 2392
4082, 215, 2396
4083, 191, 2396
4084, 272, 2396
4085, 154, 2399
4086, 204, 2399
4087, 182, 2398
4088, 323, 2361
4089, 247, 2411
4090, 279, 2411
4091, 282, 2411
4092, 370, 2245
4093, 275, 2761
4094, 206, 4189
4095, 277, 2428
4096, 350, 4536
4097, 274, 2428
4098, 276, 2425
4099, 328, 2425
4100, 264, 2425
4101, 323, 2425
4102, 297, 2444
4103, 180, 3818
4104, 256, 3566
4105, 258, 2284
4106, 305, 2452
4107, 313, 2452
4108, 272, 2452
4109, 320, 2459
4110, 322, 2460
4111, 209, 4487
4112, 240, 2461
4113, 260, 2461
4114, 250, 2463
4115, 306, 2463
4116, 322, 2464
4117, 291, 2464
4118, 235, 4203
4119, 348, 2464
4120, 227, 3171
4121, 235, 2451
4122, 188, 2451
4123, 188, 2451
4124, 252, 2938
4125, 326, 5167
4126, 195, 3886
4127, 298, 2486
4128, 308, 2486
4129, 208, 2494
4130, 200, 2326
4131, 246, 3801
4132, 219, 3838
4133, 241, 2504
4134, 246, 2504
4135, 279, 2504
4136, 253, 3635
4137, 226, 2698
4138, 505, 2510
4139, 358, 3256
4140, 454, 2510
4141, 315, 6262
4142, 573, 2506
4143, 291, 2498
4144, 311, 2498
4145, 269, 3615
4146, 252, 2498
4147, 321, 2498
4148, 314, 2500
4149, 287, 2500
4150, 219, 2607
4151, 248, 2500
4152, 168, 335
4153, 222, 335
4154, 261, 335
4155, 311, 2530
4156, 262, 5589
4157, 401, 2530
4158, 265, 4639
4159, 127, 3140
4160, 227, 4721
4161, 245, 2546
4162, 277, 2546
4163, 349, 2544
4164, 296, 4694
4165, 236, 2823
4166, 290, 2554
4167, 265, 2554
4168, 284, 2554
4169, 221, 2554
4170, 243, 5807
4171, 393, 2559
4172, 255, 1534
4173, 221, 3865
4174, 366, 2575
4175, 279, 2576
4176, 203, 4684
4177, 339, 2577
4178, 317, 2577
4179, 305, 2577
4180, 85, 250
4181, 114, 250
4182, 279, 2562
4183, 327, 2562
4184, 325, 2562
4185, 318, 2589
4186, 345, 2590
4187, 331, 2591
4188, 338, 2591
4189, 200, 2808
4190, 186, 2593
4191, 175, 2593
4192, 206, 2593
4193, 247, 2593
4194, 279, 2596
4195, 266, 2596
4196, 283, 2596
4197, 261, 4152
4198, 295, 2596
4199, 226, 2599
4200, 252, 2599
4201, 251, 2581
4202, 200, 2581
4203, 191, 2581
4204, 246, 2581
4205, 261, 2607
4206, 173, 2607
4207, 257, 2607
4208, 183, 2607
4209, 247, 2607
4210, 236, 2612
4211, 294, 2612
4212, 254, 2614
4213, 220, 2614
4214, 203, 2614
4215, 230, 2614
4216, 247, 2614
4217, 268, 2614
4218, 200, 2614
4219, 238, 2615
4220, 282, 2615
4221, 318, 2615
4222, 299, 2578
4223, 315, 3405
4224, 255, 2578
4225, 352, 5987
4226, 436, 2622
4227, 245, 6102
4228, 353, 2629
4229, 296, 2634
4230, 304, 2638
4231, 268, 2638
4232, 290, 2638
4233, 319, 2638
4234, 210, 2639
4235, 209, 2639
4236, 221, 2646
4237, 230, 2653
4238, 272, 2635
4239, 228, 2635
4240, 359, 2657
4241, 230, 3846
4242, 246, 4334
4243, 277, 2654
4244, 287, 2654
4245, 259, 5343
4246, 447, 2659
4247, 250, 2663
4248, 254, 2663
4249, 228, 2663
4250, 213, 2662
4251, 296, 5241
4252, 318, 2678
4253, 345, 2678
4254, 233, 412
4255, 314, 2678
4256, 300, 2680
4257, 294, 4752
4258, 194, 2690
4259, 261, 2690
4260, 215, 2690
4261, 252, 2690
4262, 295, 4986
4263, 319, 2693
4264, 302, 2693
4265, 310, 2927
4266, 301, 2702
4267, 326, 2702
4268, 279, 2702
4269, 301, 2702
4270, 183, 4159
4271, 316, 2698
4272, 242, 2710
4273, 274, 4730
4274, 358, 2716
4275, 261, 4277
4276, 288, 2716
4277, 251, 4203
4278, 227, 2719
4279, 163, 2719
4280, 190, 2719
4281, 138, 2358
4282, 246, 3259
4283, 374, 2718
4284, 267, 2723
4285, 236, 2723
4286, 199, 3337
4287, 313, 2709
4288, 231, 2709
4289, 306, 2709
4290, 258, 2721
4291, 197, 2735
4292, 259, 2735
4293, 221, 4213
4294, 317, 2732
4295, 202, 5677
4296, 258, 4666
4297, 311, 2743
4298, 218, 2761
4299, 281, 2761
4300, 201, 2748
4301, 216, 1534
4302, 257, 2748
4303, 294, 4741
4304, 324, 3397
4305, 385, 2773
4306, 261, 4741
4307, 299, 2798
4308, 326, 2798
4309, 271, 2798
4310, 339, 2803
4311, 212, 6249
4312, 327, 2807
4313, 285, 2807
4314, 372, 2807
4315, 340, 2642
4316, 216, 2808
4317, 227, 2808
4318, 284, 572
4319, 245, 572
4320, 347, 2821
4321, 212, 2823
4322, 275, 2823
4323, 213, 2823
4324, 205, 2823
4325, 442, 2828
4326, 4294967295, 0
4327, 350, 2888
4328, 411, 4078
4329, 4294967295, 0
4330, 261, 3967
4331, 4294967295, 0
4332, 257, 5981
4333, 181, 4635
4334, 232, 2859
4335, 325, 2847
4336, 286, 4643
4337, 283, 4967
4338, 323, 2862
4339, 262, 4282
4340, 304, 2862
4341, 253, 2868
4342, 272, 2871
4343, 325, 2871
4344, 215, 3156
4345, 268, 4137
4346, 295, 2852
4347, 323, 2852
4348, 243, 4121
4349, 306, 2852
4350, 327, 2852
4351, 311, 2852
4352, 327, 4815
4353, 286, 2852
4354, 335, 2852
4355, 270, 3468
4356, 254, 2859
4357, 276, 2875
4358, 274, 2875
4359, 263, 1534
4360, 215, 2870
4361, 233, 2870
4362, 217, 2870
4363, 227, 2870
4364, 255, 2870
4365, 339, 2883
4366, 297, 2897
4367, 308, 2883
4368, 231, 3327
4369, 302, 3409
4370, 380, 2887
4371, 204, 3966
4372, 311, 2892
4373, 295, 3428
4374, 271, 2892
4375, 262, 2892
4376, 292, 2892
4377, 250, 2897
4378, 258, 2897
4379, 300, 2897
4380, 258, 2897
4381, 282, 2898
4382, 254, 2898
4383, 267, 2898
4384, 401, 2900
4385, 411, 2900
4386, 356, 2900
4387, 361, 2903
4388, 327, 4825
4389, 431, 2907
4390, 431, 2907
4391, 414, 2907
4392, 342, 2907
4393, 302, 2888
4394, 393, 2888
4395, 310, 3863
4396, 340, 2888
4397, 233, 4334
4398, 411, 2890
4399, 323, 2904
4400, 305, 2904
4401, 307, 2904
4402, 227, 4081
4403, 273, 2906
4404, 255, 2906
4405, 234, 2757
4406, 277, 2757
4407, 248, 4551
4408, 203, 17
4409, 225, 945
4410, 229, 945
4411, 293, 945
4412, 271, 2936
4413, 264, 3926
4414, 288, 4282
4415, 337, 5614
4416, 322, 2942
4417, 357, 2942
4418, 372, 2939
4419, 184, 3791
4420, 320, 2939
4421, 300, 2949
4422, 225, 2952
4423, 245, 2952
4424, 244, 2948
4425, 220, 3023
4426, 222, 2948
4427, 218, 2948
4428, 219, 2948
4429, 373, 2946
4430, 308, 3326
4431, 196, 4566
4432, 258, 4043
4433, 211, 2961
4434, 206, 2961
4435, 344, 2950
4436, 170, 2974
4437, 177, 3140
4438, 126, 2039
4439, 168, 4635
4440, 488, 2992
4441, 283, 3858
4442, 270, 3152
4443, 392, 2962
4444, 197, 2997
4445, 337, 3003
4446, 446, 2991
4447, 364, 4852
4448, 338, 5253
4449, 243, 3010
4450, 273, 3010
4451, 236, 3010
4452, 247, 3010
4453, 231, 5029
4454, 253, 3011
4455, 207, 3137
4456, 313, 3011
4457, 273, 3009
4458, 280, 3014
4459, 201, 3023
4460, 316, 3024
4461, 231, 3930
4462, 284, 3024
4463, 317, 3024
4464, 193, 3346
4465, 259, 3033
4466, 398, 3034
4467, 332, 3034
4468, 231, 3027
4469, 203, 3027
4470, 293, 3027
4471, 360, 3038
4472, 240, 3433
4473, 275, 3025
4474, 274, 3025
4475, 258, 3045
4476, 205, 3715
4477, 192, 554
4478, 364, 3102
4479, 435, 3037
4480, 417, 3037
4481, 334, 3056
4482, 267, 3056
4483, 261, 3056
4484, 264, 3819
4485, 383, 4308
4486, 310, 3061
4487, 154, 3138
4488, 250, 3061
4489, 311, 3067
4490, 292, 5224
4491, 349, 3067
4492, 208, 3063
4493, 4294967295, 0
4494, 293, 1163
4495, 306, 1163
4496, 318, 1163
4497, 359, 1163
4498, 300, 1163
4499, 263, 1666
4500, 4294967295, 0
4501, 324, 3080
4502, 260, 4282
4503, 243, 3991
4504, 328, 3081
4505, 327, 3086
4506, 313, 3086
4507, 253, 4459
4508, 345, 3086
4509, 342, 3086
4510, 357, 3160
4511, 341, 3087
4512, 227, 3096
4513, 369, 3087
4514, 305, 3087
4515, 120, 554
4516, 171, 554
4517, 249, 3096
4518, 298, 3096
4519, 256, 3096
4520, 292, 3819
4521, 282, 3095
4522, 257, 3095
4523, 265, 3095
4524, 239, 3095
4525, 240, 3095
4526, 251, 3791
4527, 309, 3095
4528, 274, 3095
4529, 266, 3095
4530, 322, 3095
4531, 257, 3095
4532, 224, 3016
4533, 211, 4295
4534, 315, 3098
4535, 331, 3102
4536, 305, 3102
4537, 336, 2944
4538, 400, 2944
4539, 211, 175
4540, 233, 3670
4541, 252, 3115
4542, 258, 3120
4543, 260, 3120
4544, 524, 3100
4545, 197, 3117
4546, 175, 3137
4547, 175, 3137
4548, 332, 3129
4549, 230, 3149
4550, 250, 3149
4551, 206, 3465
4552, 388, 3135
4553, 219, 4539
4554, 261, 3152
4555, 328, 3152
4556, 339, 3160
4557, 317, 3160
4558, 362, 4790
4559, 275, 3315
4560, 339, 3160
4561, 376, 3160
4562, 383, 3160
4563, 229, 3156
4564, 211, 3156
4565, 284, 3156
4566, 183, 3163
4567, 236, 3163
4568, 269, 3163
4569, 198, 3171
4570, 249, 3171
4571, 263, 3174
4572, 255, 3178
4573, 255, 3127
4574, 252, 3178
4575, 274, 3178
4576, 296, 3178
4577, 268, 6062
4578, 324, 4944
4579, 358, 3190
4580, 364, 3191
4581, 325, 3191
4582, 380, 3197
4583, 235, 4215
4584, 197, 3004
4585, 336, 3200
4586, 282, 4606
4587, 260, 3991
4588, 364, 3206
4589, 285, 4937
4590, 396, 3202
4591, 250, 3207
4592, 299, 5982
4593, 376, 3208
4594, 363, 3210
4595, 378, 3210
4596, 348, 3210
4597, 348, 5811
4598, 352, 3210
4599, 268, 3039
4600, 216, 3220
4601, 301, 3220
4602, 236, 3220
4603, 187, 3394
4604, 345, 3222
4605, 381, 3222
4606, 279, 3503
4607, 331, 3222
4608, 386, 3222
4609, 405, 3223
4610, 409, 3223
4611, 324, 3225
4612, 288, 3225
4613, 253, 3943
4614, 247, 3228
4615, 255, 3228
4616, 261, 3228
4617, 182, 4191
4618, 245, 3232
4619, 222, 3232
4620, 246, 3235
4621, 265, 3235
4622, 295, 3235
4623, 220, 706
4624, 267, 706
4625, 222, 3846
4626, 448, 3244
4627, 399, 3244
4628, 318, 4154
4629, 255, 6251
4630, 4294967295, 0
4631, 4294967295, 0
4632, 317, 5626
4633, 199, 3259
4634, 223, 3259
4635, 166, 3259
4636, 270, 3256
4637, 269, 3256
4638, 301, 3266
4639, 250, 4891
4640, 253, 3066
4641, 226, 3127
4642, 422, 3270
4643, 227, 4728
4644, 359, 3274
4645, 199, 3273
4646, 190, 3273
4647, 201, 3273
4648, 267, 3281
4649, 337, 3281
4650, 321, 3281
4651, 313, 3281
4652, 246, 3281
4653, 205, 3147
4654, 239, 3284
4655, 244, 3284
4656, 285, 3284
4657, 281, 3296
4658, 253, 3982
4659, 307, 3296
4660, 240, 3296
4661, 285, 3296
4662, 385, 3305
4663, 220, 5035
4664, 312, 4730
4665, 258, 3310
4666, 255, 3310
4667, 239, 3310
4668, 285, 3310
4669, 254, 3312
4670, 293, 3312
4671, 368, 3315
4672, 349, 3315
4673, 317, 3326
4674, 382, 3326
4675, 269, 4043
4676, 295, 5572
4677, 324, 3989
4678, 364, 3317
4679, 183, 3337
4680, 240, 3337
4681, 236, 3337
4682, 324, 3338
4683, 172, 3346
4684, 198, 3346
4685, 282, 3341
4686, 232, 3341
4687, 237, 3341
4688, 197, 3344
4689, 186, 3344
4690, 310, 3350
4691, 278, 6252
4692, 302, 3350
4693, 288, 3962
4694, 209, 3966
4695, 211, 816
4696, 364, 3355
4697, 353, 3358
4698, 393, 3358
4699, 323, 3358
4700, 273, 3363
4701, 297, 3363
4702, 309, 3363
4703, 309, 3363
4704, 287, 3363
4705, 154, 3364
4706, 164, 3364
4707, 287, 3371
4708, 309, 3371
4709, 370, 3234
4710, 341, 3373
4711, 262, 1193
4712, 312, 3373
4713, 313, 3373
4714, 241, 3066
4715, 315, 3369
4716, 345, 3380
4717, 362, 3380
4718, 327, 3904
4719, 333, 3382
4720, 328, 3933
4721, 221, 4324
4722, 326, 3383
4723, 367, 3383
4724, 328, 3383
4725, 435, 3390
4726, 362, 3390
4727, 224, 3394
4728, 151, 3394
4729, 164, 3394
4730, 229, 3394
4731, 368, 3393
4732, 371, 3393
4733, 262, 3815
4734, 242, 3986
4735, 253, 5296
4736, 387, 3405
4737, 397, 3405
4738, 335, 3405
4739, 230, 4137
4740, 234, 5276
4741, 249, 5224
4742, 430, 3407
4743, 4294967295, 0
4744, 4294967295, 0
4745, 4294967295, 0
4746, 305, 3822
4747, 376, 3412
4748, 366, 3412
4749, 362, 3412
4750, 373, 3411
4751, 289, 3566
4752, 217, 3408
4753, 235, 3408
4754, 300, 3409
4755, 290, 3428
4756, 284, 3428
4757, 300, 4434
4758, 291, 3430
4759, 355, 3451
4760, 304, 3451
4761, 369, 3462
4762, 381, 3462
4763, 354, 3462
4764, 360, 5238
4765, 326, 3462
4766, 244, 4344
4767, 280, 3463
4768, 275, 3463
4769, 224, 3465
4770, 236, 4298
4771, 273, 5315
4772, 187, 3660
4773, 355, 3469
4774, 377, 3469
4775, 363, 3470
4776, 223, 4566
4777, 391, 3470
4778, 345, 3475
4779, 295, 5432
4780, 298, 3479
4781, 213, 3490
4782, 393, 5542
4783, 256, 4617
4784, 361, 3587
4785, 485, 3500
4786, 502, 3500
4787, 502, 3500
4788, 263, 3738
4789, 219, 3813
4790, 300, 3507
4791, 575, 3514
4792, 511, 3514
4793, 259, 1534
4794, 349, 3579
4795, 460, 3521
4796, 422, 3521
4797, 335, 4269
4798, 346, 5618
4799, 384, 4951
4800, 415, 3528
4801, 180, 3966
4802, 237, 3524
4803, 332, 1666
4804, 246, 5568
4805, 373, 3536
4806, 165, 5677
4807, 386, 3536
4808, 325, 3539
4809, 294, 3539
4810, 273, 3539
4811, 302, 4937
4812, 261, 5552
4813, 338, 3588
4814, 254, 4334
4815, 291, 3550
4816, 294, 3557
4817, 282, 3557
4818, 215, 1534
4819, 367, 3555
4820, 389, 3555
4821, 280, 4569
4822, 370, 3560
4823, 356, 3564
4824, 290, 3431
4825, 296, 4937
4826, 316, 3566
4827, 264, 3558
4828, 279, 4360
4829, 351, 473
4830, 347, 473
4831, 322, 3571
4832, 339, 3571
4833, 340, 3571
4834, 382, 3573
4835, 388, 3573
4836, 268, 3568
4837, 311, 3568
4838, 307, 3988
4839, 252, 3715
4840, 244, 3771
4841, 293, 3881
4842, 294, 3441
4843, 339, 3441
4844, 206, 2358
4845, 219, 3590
4846, 264, 3594
4847, 244, 3594
4848, 309, 3594
4849, 308, 3594
4850, 336, 3594
4851, 239, 3594
4852, 329, 3599
4853, 289, 3599
4854, 256, 6249
4855, 297, 3612
4856, 342, 3613
4857, 280, 3613
4858, 250, 3616
4859, 267, 3616
4860, 259, 3616
4861, 279, 3616
4862, 218, 3616
4863, 265, 3616
4864, 248, 3615
4865, 271, 3615
4866, 326, 3607
4867, 322, 3627
4868, 248, 2666
4869, 346, 3627
4870, 279, 3670
4871, 247, 4062
4872, 240, 3635
4873, 144, 4438
4874, 307, 3635
4875, 287, 3635
4876, 240, 3635
4877, 203, 3654
4878, 194, 3654
4879, 334, 3658
4880, 291, 4062
4881, 226, 3660
4882, 302, 5925
4883, 269, 3519
4884, 273, 3719
4885, 167, 5788
4886, 344, 3690
4887, 320, 3690
4888, 291, 3699
4889, 231, 3699
4890, 209, 3699
4891, 212, 1534
4892, 267, 958
4893, 266, 3846
4894, 200, 3715
4895, 223, 3813
4896, 186, 3715
4897, 241, 3715
4898, 254, 3715
4899, 340, 3700
4900, 331, 3716
4901, 274, 3716
4902, 276, 3716
4903, 277, 3716
4904, 256, 3865
4905, 241, 3719
4906, 191, 1228
4907, 188, 1228
4908, 319, 3728
4909, 310, 3728
4910, 302, 3733
4911, 273, 3733
4912, 190, 5175
4913, 348, 3726
4914, 334, 3726
4915, 240, 4686
4916, 287, 3900
4917, 265, 4203
4918, 420, 3765
4919, 314, 4060
4920, 300, 3767
4921, 297, 3767
4922, 362, 3776
4923, 271, 3781
4924, 269, 3781
4925, 283, 3781
4926, 178, 3771
4927, 230, 3771
4928, 176, 3791
4929, 180, 3791
4930, 276, 3796
4931, 253, 3798
4932, 401, 3810
4933, 378, 3810
4934, 176, 3813
4935, 222, 3813
4936, 196, 3818
4937, 267, 3818
4938, 234, 3818
4939, 259, 5294
4940, 315, 5495
4941, 346, 3823
4942, 353, 3823
4943, 258, 3823
4944, 244, 4730
4945, 287, 5361
4946, 324, 3831
4947, 401, 3831
4948, 260, 3833
4949, 301, 3833
4950, 291, 3934
4951, 359, 3833
4952, 332, 3833
4953, 199, 17
4954, 173, 3838
4955, 199, 3838
4956, 173, 3838
4957, 225, 3838
4958, 350, 3844
4959, 309, 3710
4960, 258, 3859
4961, 238, 3859
4962, 277, 3859
4963, 199, 3865
4964, 291, 3865
4965, 214, 3865
4966, 222, 3865
4967, 196, 3865
4968, 317, 3866
4969, 276, 3866
4970, 271, 1426
4971, 405, 3867
4972, 435, 3867
4973, 304, 4344
4974, 268, 958
4975, 292, 3881
4976, 225, 3881
4977, 265, 3886
4978, 209, 3886
4979, 319, 527
4980, 263, 4434
4981, 296, 6152
4982, 339, 3903
4983, 321, 3903
4984, 322, 3887
4985, 333, 3887
4986, 252, 4729
4987, 318, 5899
4988, 264, 3900
4989, 303, 3900
4990, 361, 3900
4991, 405, 3912
4992, 293, 5241
4993, 367, 4139
4994, 371, 3912
4995, 441, 3913
4996, 302, 3919
4997, 414, 3920
4998, 296, 5147
4999, 407, 3904
5000, 312, 4230
5001, 174, 3066
5002, 312, 3926
5003, 340, 3926
5004, 230, 5608
5005, 211, 3930
5006, 210, 3930
5007, 221, 3930
5008, 286, 3933
5009, 197, 1173
5010, 257, 3943
5011, 266, 3943
5012, 275, 3943
5013, 299, 411
5014, 137, 6071
5015, 305, 411
5016, 314, 3956
5017, 240, 4291
5018, 267, 3962
5019, 265, 3967
5020, 325, 3967
5021, 175, 3966
5022, 189, 4208
5023, 273, 3985
5024, 374, 3988
5025, 295, 3988
5026, 272, 3986
5027, 293, 3986
5028, 332, 3989
5029, 216, 4004
5030, 213, 4004
5031, 264, 4004
5032, 257, 4004
5033, 222, 4004
5034, 224, 4004
5035, 214, 4004
5036, 327, 3991
5037, 276, 3991
5038, 444, 4000
5039, 235, 3998
5040, 277, 5552
5041, 277, 3998
5042, 523, 4008
5043, 375, 4803
5044, 550, 4008
5045, 279, 4010
5046, 306, 4010
5047, 258, 4010
5048, 180, 146
5049, 289, 6039
5050, 301, 4790
5051, 302, 5202
5052, 271, 4041
5053, 307, 4232
5054, 310, 4043
5055, 226, 4043
5056, 251, 2338
5057, 257, 4058
5058, 255, 4062
5059, 278, 4062
5060, 269, 4068
5061, 225, 4068
5062, 222, 4068
5063, 245, 4070
5064, 277, 4070
5065, 305, 4070
5066, 283, 4057
5067, 349, 4057
5068, 296, 4539
5069, 314, 4057
5070, 351, 4078
5071, 373, 4078
5072, 392, 4073
5073, 257, 5296
5074, 262, 4967
5075, 368, 4093
5076, 182, 4081
5077, 321, 4095
5078, 372, 4107
5079, 378, 4107
5080, 243, 4896
5081, 221, 6071
5082, 359, 4109
5083, 274, 5063
5084, 332, 4121
5085, 240, 4539
5086, 247, 5925
5087, 342, 4124
5088, 287, 3934
5089, 304, 4124
5090, 467, 4140
5091, 328, 4151
5092, 176, 4152
5093, 323, 4154
5094, 295, 4154
5095, 295, 4154
5096, 328, 5045
5097, 358, 4144
5098, 321, 4144
5099, 340, 4158
5100, 305, 5423
5101, 276, 4667
5102, 351, 4158
5103, 255, 4146
5104, 267, 4167
5105, 283, 4236
5106, 282, 4891
5107, 281, 1025
5108, 312, 1025
5109, 407, 4183
5110, 341, 4852
5111, 328, 4183
5112, 366, 4183
5113, 386, 4183
5114, 215, 2248
5115, 216, 5361
5116, 208, 4459
5117, 201, 2248
5118, 210, 4189
5119, 296, 4189
5120, 222, 4189
5121, 197, 4191
5122, 335, 4196
5123, 302, 4198
5124, 258, 4026
5125, 262, 4026
5126, 155, 4180
5127, 178, 4180
5128, 121, 4180
5129, 246, 4203
5130, 278, 4203
5131, 253, 4204
5132, 251, 4204
5133, 260, 4208
5134, 283, 4208
5135, 234, 4208
5136, 231, 4208
5137, 354, 726
5138, 303, 726
5139, 330, 726
5140, 274, 4213
5141, 305, 4340
5142, 285, 4216
5143, 270, 4217
5144, 331, 4217
5145, 290, 4217
5146, 203, 4206
5147, 219, 4206
5148, 234, 4206
5149, 287, 4215
5150, 212, 4459
5151, 372, 4230
5152, 342, 4230
5153, 331, 4230
5154, 246, 2666
5155, 235, 4236
5156, 303, 4236
5157, 313, 4244
5158, 290, 4244
5159, 284, 4721
5160, 453, 4246
5161, 232, 5315
5162, 271, 2314
5163, 314, 2314
5164, 240, 2314
5165, 326, 2314
5166, 326, 4255
5167, 317, 4255
5168, 290, 5751
5169, 356, 4253
5170, 191, 2039
5171, 110, 2039
5172, 125, 2039
5173, 170, 2039
5174, 111, 2039
5175, 119, 2039
5176, 316, 1734
5177, 273, 1989
5178, 368, 4274
5179, 143, 6071
5180, 263, 4277
5181, 282, 4280
5182, 203, 4444
5183, 287, 4285
5184, 280, 4285
5185, 277, 4355
5186, 326, 4285
5187, 282, 4285
5188, 250, 4285
5189, 241, 4695
5190, 257, 4285
5191, 304, 4285
5192, 251, 1223
5193, 321, 4293
5194, 265, 4293
5195, 235, 4293
5196, 270, 5058
5197, 254, 4293
5198, 228, 4293
5199, 303, 1278
5200, 236, 4298
5201, 290, 4298
5202, 294, 4300
5203, 287, 4300
5204, 218, 4300
5205, 341, 4308
5206, 339, 4312
5207, 405, 4312
5208, 389, 4312
5209, 170, 175
5210, 289, 4319
5211, 250, 4617
5212, 256, 4319
5213, 325, 4319
5214, 225, 4324
5215, 285, 4324
5216, 244, 4324
5217, 317, 4332
5218, 313, 4332
5219, 310, 4332
5220, 237, 4334
5221, 252, 4334
5222, 359, 4337
5223, 328, 4340
5224, 241, 816
5225, 422, 4338
5226, 287, 4344
5227, 284, 4344
5228, 220, 5931
5229, 245, 3863
5230, 310, 4344
5231, 256, 4730
5232, 258, 4360
5233, 256, 4360
5234, 241, 4360
5235, 211, 576
5236, 222, 576
5237, 161, 5677
5238, 272, 576
5239, 296, 576
5240, 276, 4355
5241, 264, 1382
5242, 283, 4362
5243, 264, 4362
5244, 247, 4362
5245, 289, 4362
5246, 364, 4381
5247, 404, 4388
5248, 485, 4389
5249, 490, 4389
5250, 487, 4390
5251, 357, 4378
5252, 366, 4369
5253, 316, 4369
5254, 290, 6096
5255, 325, 4369
5256, 318, 4369
5257, 376, 4369
5258, 375, 4369
5259, 346, 4369
5260, 387, 4400
5261, 316, 4400
5262, 322, 4400
5263, 291, 4403
5264, 272, 3863
5265, 310, 4407
5266, 289, 4407
5267, 242, 3846
5268, 313, 4407
5269, 326, 4416
5270, 354, 4420
5271, 357, 4420
5272, 302, 4421
5273, 232, 4434
5274, 301, 4434
5275, 134, 4438
5276, 212, 4431
5277, 262, 4566
5278, 263, 5312
5279, 309, 4424
5280, 293, 4424
5281, 316, 4583
5282, 256, 4423
5283, 245, 4424
5284, 398, 4443
5285, 213, 4444
5286, 232, 4444
5287, 322, 5952
5288, 340, 5651
5289, 236, 2653
5290, 414, 4447
5291, 339, 5653
5292, 293, 4449
5293, 304, 4449
5294, 257, 4449
5295, 314, 4449
5296, 251, 5285
5297, 300, 4452
5298, 337, 4458
5299, 342, 5304
5300, 311, 5343
5301, 226, 5147
5302, 252, 4459
5303, 243, 4459
5304, 285, 4788
5305, 297, 2440
5306, 318, 4463
5307, 334, 4463
5308, 252, 4469
5309, 238, 4469
5310, 268, 4469
5311, 252, 1223
5312, 220, 1223
5313, 453, 4478
5314, 402, 4478
5315, 208, 5677
5316, 411, 4506
5317, 470, 4479
5318, 440, 4479
5319, 448, 4479
5320, 366, 4490
5321, 241, 4492
5322, 252, 4492
5323, 346, 4356
5324, 259, 3016
5325, 204, 175
5326, 275, 3016
5327, 537, 4792
5328, 350, 4629
5329, 388, 4510
5330, 408, 4510
5331, 319, 4502
5332, 350, 4502
5333, 179, 4516
5334, 243, 4516
5335, 197, 4516
5336, 447, 4513
5337, 292, 3863
5338, 228, 4533
5339, 218, 4533
5340, 382, 4536
5341, 343, 4536
5342, 229, 4643
5343, 252, 4684
5344, 252, 5432
5345, 326, 4402
5346, 360, 4557
5347, 400, 4557
5348, 287, 4766
5349, 285, 4551
5350, 257, 4567
5351, 259, 4567
5352, 248, 4567
5353, 190, 4566
5354, 357, 4568
5355, 334, 4568
5356, 340, 4568
5357, 315, 4568
5358, 312, 4568
5359, 200, 4569
5360, 284, 4569
5361, 209, 4159
5362, 277, 4574
5363, 339, 4574
5364, 286, 4574
5365, 353, 4577
5366, 350, 4585
5367, 337, 4587
5368, 265, 4587
5369, 307, 4746
5370, 403, 4596
5371, 350, 4596
5372, 410, 4596
5373, 319, 4667
5374, 350, 4596
5375, 366, 4596
5376, 257, 4572
5377, 329, 4606
5378, 305, 4606
5379, 350, 4606
5380, 376, 4592
5381, 224, 4603
5382, 287, 4583
5383, 305, 4583
5384, 343, 4628
5385, 370, 4628
5386, 277, 4617
5387, 225, 4617
5388, 235, 4617
5389, 211, 4617
5390, 242, 4617
5391, 315, 4629
5392, 369, 4489
5393, 364, 4856
5394, 4294967295, 0
5395, 323, 6039
5396, 193, 4635
5397, 244, 4633
5398, 249, 4633
5399, 363, 4638
5400, 383, 4638
5401, 391, 4638
5402, 399, 4638
5403, 219, 3066
5404, 196, 3066
5405, 206, 3066
5406, 275, 4639
5407, 330, 5589
5408, 386, 4650
5409, 345, 4650
5410, 349, 4650
5411, 392, 4662
5412, 300, 4665
5413, 300, 4666
5414, 236, 3934
5415, 252, 5417
5416, 326, 4669
5417, 177, 2653
5418, 210, 2653
5419, 244, 4684
5420, 247, 4684
5421, 315, 4686
5422, 273, 4686
5423, 280, 4689
5424, 248, 4689
5425, 290, 5045
5426, 320, 4693
5427, 314, 4693
5428, 278, 4695
5429, 265, 4695
5430, 226, 4694
5431, 283, 4694
5432, 239, 4694
5433, 248, 4694
5434, 241, 5195
5435, 401, 4664
5436, 336, 6070
5437, 338, 5040
5438, 406, 4720
5439, 319, 4721
5440, 313, 4721
5441, 284, 4721
5442, 337, 5423
5443, 336, 4724
5444, 331, 4724
5445, 392, 4724
5446, 379, 4724
5447, 278, 4733
5448, 300, 4935
5449, 274, 5589
5450, 262, 2474
5451, 185, 4806
5452, 292, 5058
5453, 282, 4730
5454, 262, 4739
5455, 279, 4739
5456, 495, 4725
5457, 251, 4740
5458, 321, 4740
5459, 324, 4741
5460, 346, 4741
5461, 4294967295, 0
5462, 325, 4746
5463, 272, 5154
5464, 408, 4748
5465, 373, 4748
5466, 405, 4748
5467, 361, 4754
5468, 214, 5677
5469, 319, 4766
5470, 292, 4766
5471, 309, 4769
5472, 297, 4769
5473, 289, 4735
5474, 284, 5675
5475, 261, 5063
5476, 345, 440
5477, 343, 4768
5478, 244, 4781
5479, 287, 4781
5480, 214, 4781
5481, 299, 4781
5482, 282, 4781
5483, 161, 175
5484, 245, 412
5485, 396, 4778
5486, 408, 4778
5487, 343, 1382
5488, 434, 4782
5489, 482, 4782
5490, 215, 1444
5491, 181, 1444
5492, 422, 4784
5493, 304, 4788
5494, 266, 4176
5495, 305, 4790
5496, 263, 3981
5497, 295, 4793
5498, 459, 4799
5499, 418, 4798
5500, 347, 4798
5501, 217, 412
5502, 235, 412
5503, 508, 4800
5504, 278, 5296
5505, 417, 4800
5506, 413, 4805
5507, 227, 4967
5508, 282, 5952
5509, 363, 4815
5510, 330, 5406
5511, 394, 5847
5512, 449, 4822
5513, 311, 4825
5514, 348, 4825
5515, 360, 4825
5516, 341, 2826
5517, 365, 2826
5518, 324, 1193
5519, 316, 1193
5520, 271, 1193
5521, 325, 4973
5522, 390, 4833
5523, 353, 5855
5524, 344, 4826
5525, 354, 4837
5526, 293, 4847
5527, 337, 4852
5528, 283, 6252
5529, 359, 6279
5530, 307, 4857
5531, 389, 4856
5532, 346, 4856
5533, 320, 4864
5534, 329, 4864
5535, 281, 4864
5536, 319, 4864
5537, 4294967295, 0
5538, 4294967295, 0
5539, 4294967295, 0
5540, 4294967295, 0
5541, 242, 1987
5542, 302, 5413
5543, 369, 4867
5544, 333, 4867
5545, 376, 4880
5546, 231, 5788
5547, 296, 4880
5548, 331, 4880
5549, 376, 4880
5550, 255, 4891
5551, 238, 4891
5552, 244, 4891
5553, 303, 4890
5554, 238, 6039
5555, 339, 4892
5556, 319, 5854
5557, 342, 4902
5558, 324, 4902
5559, 305, 4903
5560, 309, 4903
5561, 311, 4903
5562, 268, 5897
5563, 405, 4908
5564, 368, 4908
5565, 346, 4908
5566, 194, 5048
5567, 352, 4914
5568, 200, 4896
5569, 220, 4896
5570, 311, 558
5571, 280, 558
5572, 262, 4539
5573, 434, 4932
5574, 451, 4932
5575, 456, 4932
5576, 289, 5897
5577, 490, 4918
5578, 228, 5315
5579, 404, 4940
5580, 292, 5578
5581, 261, 4944
5582, 306, 4944
5583, 269, 4948
5584, 168, 175
5585, 239, 4935
5586, 294, 4935
5587, 285, 4967
5588, 321, 4986
5589, 258, 4986
5590, 514, 4995
5591, 357, 5003
5592, 349, 5003
5593, 331, 6165
5594, 268, 5007
5595, 222, 5007
5596, 270, 5007
5597, 316, 5007
5598, 289, 5007
5599, 333, 5008
5600, 322, 2529
5601, 280, 5653
5602, 346, 5026
5603, 330, 5026
5604, 239, 5021
5605, 346, 5028
5606, 288, 5035
5607, 220, 5035
5608, 224, 5035
5609, 288, 5035
5610, 295, 5035
5611, 356, 5037
5612, 362, 5040
5613, 351, 5040
5614, 299, 5045
5615, 259, 6264
5616, 311, 5045
5617, 264, 5029
5618, 339, 5052
5619, 283, 5063
5620, 354, 5066
5621, 382, 5065
5622, 398, 5065
5623, 360, 5069
5624, 329, 5073
5625, 266, 5073
5626, 297, 5854
5627, 399, 5075
5628, 182, 816
5629, 191, 3140
5630, 458, 5078
5631, 379, 5067
5632, 369, 5067
5633, 173, 5175
5634, 310, 3046
5635, 396, 5096
5636, 365, 5096
5637, 432, 5102
5638, 172, 5175
5639, 295, 5106
5640, 301, 5106
5641, 455, 5113
5642, 132, 5171
5643, 348, 5110
5644, 321, 5129
5645, 206, 2338
5646, 327, 5131
5647, 328, 5135
5648, 323, 5135
5649, 272, 5135
5650, 271, 5135
5651, 257, 5135
5652, 277, 5135
5653, 250, 2524
5654, 283, 5147
5655, 142, 5788
5656, 351, 5149
5657, 310, 5304
5658, 408, 5151
5659, 400, 5151
5660, 384, 5291
5661, 352, 5291
5662, 406, 5291
5663, 340, 5291
5664, 382, 5291
5665, 376, 5291
5666, 363, 5291
5667, 397, 5291
5668, 340, 5291
5669, 355, 5291
5670, 325, 5154
5671, 352, 5163
5672, 273, 4881
5673, 366, 5167
5674, 332, 5167
5675, 204, 5171
5676, 117, 5171
5677, 156, 5171
5678, 313, 5168
5679, 354, 5168
5680, 298, 5168
5681, 282, 5177
5682, 369, 5177
5683, 333, 5177
5684, 328, 5177
5685, 296, 5177
5686, 188, 5931
5687, 333, 5177
5688, 203, 3732
5689, 288, 5187
5690, 286, 5187
5691, 371, 5191
5692, 320, 5191
5693, 321, 5191
5694, 317, 5191
5695, 311, 5196
5696, 297, 5196
5697, 333, 5196
5698, 300, 5197
5699, 261, 5197
5700, 253, 5195
5701, 306, 5195
5702, 341, 5202
5703, 267, 5211
5704, 355, 5613
5705, 348, 5213
5706, 363, 5213
5707, 404, 5213
5708, 468, 5207
5709, 411, 5207
5710, 284, 5200
5711, 324, 5200
5712, 313, 5200
5713, 276, 5200
5714, 257, 5214
5715, 303, 5220
5716, 248, 5220
5717, 254, 5220
5718, 336, 5220
5719, 236, 5763
5720, 331, 5224
5721, 311, 5227
5722, 320, 5227
5723, 306, 5227
5724, 277, 2205
5725, 330, 5241
5726, 333, 5238
5727, 311, 5238
5728, 287, 5238
5729, 254, 5675
5730, 365, 5255
5731, 294, 5254
5732, 329, 5254
5733, 499, 5250
5734, 293, 5432
5735, 345, 5855
5736, 393, 5272
5737, 335, 5272
5738, 375, 5251
5739, 371, 5251
5740, 449, 5251
5741, 406, 5251
5742, 405, 5251
5743, 434, 5251
5744, 360, 5251
5745, 447, 5251
5746, 399, 5251
5747, 286, 5276
5748, 243, 5276
5749, 259, 5404
5750, 292, 5285
5751, 232, 5285
5752, 279, 5285
5753, 296, 5285
5754, 311, 5285
5755, 269, 5285
5756, 249, 5285
5757, 261, 5273
5758, 287, 5277
5759, 342, 5294
5760, 353, 5294
5761, 356, 5294
5762, 309, 5294
5763, 209, 5404
5764, 258, 5404
5765, 270, 5296
5766, 352, 5292
5767, 261, 5352
5768, 410, 5306
5769, 295, 5315
5770, 268, 5315
5771, 257, 5315
5772, 209, 5315
5773, 514, 5318
5774, 464, 5318
5775, 275, 5321
5776, 329, 5321
5777, 220, 2927
5778, 245, 2927
5779, 269, 2927
5780, 256, 2927
5781, 315, 5343
5782, 287, 5343
5783, 449, 5347
5784, 353, 5613
5785, 325, 1382
5786, 272, 1382
5787, 257, 1382
5788, 138, 4159
5789, 211, 5361
5790, 235, 5361
5791, 295, 5361
5792, 223, 5361
5793, 273, 5361
5794, 286, 5361
5795, 249, 1987
5796, 271, 3732
5797, 260, 1987
5798, 444, 5366
5799, 321, 5373
5800, 318, 5378
5801, 258, 6165
5802, 412, 6079
5803, 305, 5406
5804, 368, 5406
5805, 295, 5404
5806, 227, 2666
5807, 220, 2666
5808, 275, 2666
5809, 378, 5410
5810, 426, 5410
5811, 289, 5535
5812, 269, 5417
5813, 249, 5417
5814, 262, 4176
5815, 277, 5952
5816, 259, 6039
5817, 254, 5432
5818, 330, 5440
5819, 333, 5440
5820, 362, 5413
5821, 350, 5413
5822, 368, 5413
5823, 253, 3732
5824, 426, 5443
5825, 410, 5443
5826, 344, 6163
5827, 267, 5429
5828, 291, 5429
5829, 340, 5457
5830, 330, 5457
5831, 421, 5459
5832, 396, 5459
5833, 351, 5459
5834, 339, 5459
5835, 317, 5535
5836, 451, 5486
5837, 331, 5793
5838, 452, 5486
5839, 371, 5472
5840, 282, 2524
5841, 467, 5492
5842, 518, 5492
5843, 469, 5492
5844, 326, 5727
5845, 300, 5497
5846, 296, 5497
5847, 348, 5495
5848, 333, 3805
5849, 410, 3805
5850, 329, 3805
5851, 385, 3805
5852, 266, 4654
5853, 335, 3805
5854, 280, 5504
5855, 344, 5504
5856, 336, 5508
5857, 323, 5508
5858, 350, 5487
5859, 369, 5509
5860, 367, 5509
5861, 427, 5509
5862, 419, 5509
5863, 297, 5528
5864, 382, 5528
5865, 333, 5528
5866, 397, 5529
5867, 389, 5529
5868, 290, 4539
5869, 4294967295, 0
5870, 4294967295, 0
5871, 405, 5548
5872, 336, 5548
5873, 249, 5552
5874, 395, 5565
5875, 413, 5565
5876, 361, 5565
5877, 353, 5565
5878, 357, 5565
5879, 300, 5775
5880, 292, 5572
5881, 324, 4846
5882, 339, 5479
5883, 279, 5578
5884, 244, 4539
5885, 539, 5590
5886, 357, 5597
5887, 337, 5585
5888, 259, 5585
5889, 278, 3934
5890, 269, 3934
5891, 273, 3797
5892, 239, 3797
5893, 250, 3797
5894, 303, 3797
5895, 276, 1534
5896, 291, 5939
5897, 244, 5608
5898, 286, 5608
5899, 308, 5608
5900, 305, 5615
5901, 332, 5615
5902, 420, 5531
5903, 469, 5531
5904, 386, 5618
5905, 418, 5618
5906, 424, 5623
5907, 415, 5623
5908, 399, 5623
5909, 309, 5626
5910, 345, 5626
5911, 341, 5626
5912, 281, 5625
5913, 289, 5625
5914, 534, 5630
5915, 467, 5630
5916, 241, 1534
5917, 324, 5644
5918, 403, 5643
5919, 282, 5651
5920, 295, 5651
5921, 281, 5650
5922, 385, 5657
5923, 231, 6266
5924, 298, 5645
5925, 236, 5645
5926, 287, 5645
5927, 268, 5653
5928, 332, 5653
5929, 334, 5653
5930, 363, 5670
5931, 135, 3140
5932, 327, 5670
5933, 231, 5675
5934, 218, 5675
5935, 168, 5677
5936, 398, 5680
5937, 261, 3846
5938, 255, 3846
5939, 248, 3846
5940, 219, 146
5941, 216, 146
5942, 171, 146
5943, 474, 5708
5944, 340, 5716
5945, 266, 5716
5946, 257, 5716
5947, 354, 5727
5948, 406, 5727
5949, 354, 5727
5950, 394, 5727
5951, 353, 5727
5952, 268, 5729
5953, 290, 5729
5954, 335, 4654
5955, 304, 4654
5956, 358, 5735
5957, 436, 5735
5958, 445, 2156
5959, 432, 2156
5960, 430, 2156
5961, 430, 5742
5962, 376, 5750
5963, 336, 5750
5964, 316, 5754
5965, 333, 5754
5966, 289, 6039
5967, 338, 5753
5968, 379, 5759
5969, 368, 5759
5970, 321, 6279
5971, 219, 5763
5972, 284, 5763
5973, 313, 203
5974, 373, 203
5975, 398, 5695
5976, 349, 5854
5977, 378, 5854
5978, 237, 5941
5979, 355, 5854
5980, 193, 6071
5981, 226, 5788
5982, 214, 5788
5983, 295, 5793
5984, 319, 5793
5985, 288, 5793
5986, 360, 5794
5987, 313, 5794
5988, 369, 5794
5989, 345, 5965
5990, 314, 5794
5991, 362, 5794
5992, 238, 5807
5993, 374, 5804
5994, 433, 5804
5995, 436, 5804
5996, 433, 5804
5997, 262, 5807
5998, 272, 5807
5999, 184, 5931
6000, 369, 2205
6001, 276, 2205
6002, 378, 5820
6003, 428, 5820
6004, 443, 5820
6005, 429, 5944
6006, 434, 5821
6007, 383, 5977
6008, 343, 5775
6009, 344, 5775
6010, 330, 5775
6011, 281, 5775
6012, 485, 5831
6013, 288, 6062
6014, 465, 5831
6015, 499, 5831
6016, 456, 5831
6017, 483, 5831
6018, 514, 5831
6019, 464, 5831
6020, 478, 5831
6021, 493, 5831
6022, 327, 6039
6023, 336, 5830
6024, 430, 5830
6025, 367, 5830
6026, 414, 5847
6027, 411, 5847
6028, 402, 5847
6029, 434, 5847
6030, 423, 5847
6031, 333, 5854
6032, 318, 5854
6033, 350, 5855
6034, 386, 5855
6035, 415, 5855
6036, 391, 3285
6037, 364, 3285
6038, 388, 3285
6039, 228, 6266
6040, 318, 5884
6041, 315, 6163
6042, 378, 5887
6043, 388, 5887
6044, 413, 5887
6045, 345, 5887
6046, 343, 5887
6047, 368, 5887
6048, 396, 5887
6049, 335, 5892
6050, 265, 5897
6051, 300, 5897
6052, 274, 5897
6053, 300, 5897
6054, 386, 5901
6055, 373, 5901
6056, 400, 5899
6057, 369, 5899
6058, 328, 5899
6059, 362, 5827
6060, 356, 5827
6061, 223, 1534
6062, 262, 1534
6063, 450, 5907
6064, 495, 5907
6065, 448, 6169
6066, 492, 5915
6067, 511, 5915
6068, 289, 5921
6069, 368, 5921
6070, 306, 5925
6071, 135, 3140
6072, 318, 5939
6073, 267, 5941
6074, 223, 5941
6075, 240, 5941
6076, 341, 5944
6077, 360, 5944
6078, 384, 5951
6079, 372, 5951
6080, 342, 5952
6081, 417, 5956
6082, 455, 5956
6083, 450, 5956
6084, 532, 5957
6085, 533, 5957
6086, 488, 5957
6087, 207, 941
6088, 429, 5965
6089, 347, 5965
6090, 349, 5970
6091, 232, 5971
6092, 436, 5976
6093, 462, 5977
6094, 292, 5981
6095, 297, 5981
6096, 228, 5980
6097, 216, 5982
6098, 241, 6252
6099, 293, 5982
6100, 336, 5987
6101, 323, 5987
6102, 238, 6251
6103, 358, 5987
6104, 383, 5987
6105, 530, 5994
6106, 445, 5994
6107, 502, 5994
6108, 307, 2260
6109, 320, 5990
6110, 391, 5990
6111, 364, 5990
6112, 499, 6004
6113, 483, 6004
6114, 509, 6004
6115, 519, 6004
6116, 455, 6004
6117, 473, 6006
6118, 453, 6006
6119, 241, 6241
6120, 303, 6241
6121, 506, 2267
6122, 489, 2267
6123, 507, 6012
6124, 534, 6012
6125, 512, 6012
6126, 523, 6012
6127, 577, 6015
6128, 502, 6016
6129, 516, 6016
6130, 457, 6016
6131, 317, 634
6132, 264, 634
6133, 303, 634
6134, 429, 6023
6135, 411, 6023
6136, 352, 6023
6137, 418, 6036
6138, 254, 3732
6139, 419, 6046
6140, 372, 6049
6141, 389, 6049
6142, 396, 6049
6143, 363, 6050
6144, 330, 6050
6145, 358, 6050
6146, 365, 6050
6147, 327, 6050
6148, 293, 6050
6149, 270, 6050
6150, 228, 6061
6151, 255, 6249
6152, 292, 6062
6153, 317, 6062
6154, 531, 6066
6155, 508, 6066
6156, 523, 6066
6157, 229, 6039
6158, 281, 6039
6159, 328, 6039
6160, 254, 6039
6161, 238, 6039
6162, 232, 6039
6163, 274, 6039
6164, 304, 6039
6165, 244, 6039
6166, 242, 6039
6167, 377, 6069
6168, 177, 2358
6169, 413, 6078
6170, 400, 6079
6171, 362, 6152
6172, 543, 6093
6173, 470, 6093
6174, 337, 6094
6175, 331, 6094
6176, 372, 6094
6177, 326, 6095
6178, 299, 6095
6179, 380, 6099
6180, 367, 6099
6181, 368, 2260
6182, 364, 6108
6183, 620, 6124
6184, 595, 6125
6185, 582, 6125
6186, 450, 6229
6187, 575, 6125
6188, 538, 6125
6189, 559, 6114
6190, 531, 6114
6191, 608, 6114
6192, 554, 6114
6193, 513, 6114
6194, 511, 6114
6195, 433, 6110
6196, 439, 6110
6197, 454, 6139
6198, 469, 6139
6199, 444, 6139
6200, 514, 6139
6201, 480, 6139
6202, 420, 6139
6203, 492, 6139
6204, 502, 6139
6205, 449, 6139
6206, 488, 6139
6207, 474, 6139
6208, 472, 6139
6209, 498, 6139
6210, 466, 6139
6211, 484, 6139
6212, 420, 6139
6213, 494, 6139
6214, 496, 6139
6215, 441, 6139
6216, 440, 6139
6217, 483, 6139
6218, 500, 6139
6219, 447, 6139
6220, 466, 6139
6221, 443, 6139
6222, 489, 6139
6223, 447, 6139
6224, 423, 6139
6225, 456, 6139
6226, 461, 6139
6227, 467, 6139
6228, 493, 6139
6229, 410, 6141
6230, 516, 6155
6231, 586, 6155
6232, 126, 2358
6233, 304, 6163
6234, 512, 6169
6235, 480, 6169
6236, 424, 6171
6237, 219, 6266
6238, 445, 6170
6239, 493, 6170
6240, 404, 6170
6241, 223, 3981
6242, 249, 3981
6243, 370, 6180
6244, 407, 6180
6245, 403, 6180
6246, 548, 6193
6247, 461, 6196
6248, 459, 6196
6249, 198, 6071
6250, 193, 6071
6251, 200, 6071
6252, 190, 6071
6253, 481, 6229
6254, 485, 6229
6255, 238, 6241
6256, 264, 6241
6257, 247, 6241
6258, 497, 6239
6259, 569, 6239
6260, 518, 6239
6261, 581, 6239
6262, 242, 6251
6263, 281, 6251
6264, 197, 6252
6265, 245, 6252
6266, 203, 6252
6267, 283, 6252
6268, 291, 6249
6269, 266, 6249
6270, 263, 6249
6271, 539, 6258
6272, 507, 6258
6273, 526, 6258
6274, 278, 6266
6275, 267, 6266
6276, 623, 6273
6277, 581, 6273
6278, 528, 6273
6279, 279, 2777
6280, 330, 6102
6281, 300, 6102
6282, 329, 6269
6283, 273, 6269
6284, 304, 6279
6285, 306, 6279
6286, 307, 6279
6287, 353, 6279
6288, 344, 6279
6289, 594, 6194
6290, 633, 6277
6291, 401, 6282
6292, 428, 5545
6293, 474, 5545
6294, 433, 5545
6295, 389, 5545
6296, 427, 6288
6297, 494, 6296
6298, 476, 6296
6299, 428, 6296
6300, 493, 6293
